0.65293,0.65201,0.63863,0.63612,0.62208,0.6221,0.62297,0.6229,0.62219,0.6221,0.61682,0.61604,0.61054,0.61038,0.61022,0.61011,0.6097,0.6097,0.6097,0.6097,0.6097,0.6097,0.6097,0.6097,0.6097,0.6097,0.6097,0.6097,0.6097,0.6097,0.6097,0.6097,0.61108,0.61134,0.61241,0.61278,0.6202,0.62251,0.63309,0.63421,0.64423,0.64525,0.65273,0.65296,0.65472,0.65483,0.65575,0.65581,0.65593,0.65593,0.65593,0.65593,0.65593,0.65593,0.65593,0.65593,0.65593,0.65593,0.65593,0.65591,0.65577,0.65575,0.65575,0.65575,0.65553,0.65547,0.65458,0.65458,0.65458,0.65458,0.6531,0.65291,0.65122,0.65121,0.65118,0.65114,0.65069,0.65068,0.65068,0.65068,0.65068,0.65068,0.65068,0.65068,0.65068,0.65068,0.65068,0.65068,0.65211,0.65306,0.65412,0.65421,0.65531,0.65597,0.65681,0.65721,0.66421,0.66449,0.66696,0.66723,0.66765,0.66773,0.66897,0.66912,0.67091,0.67101,0.67238,0.67239,0.67239,0.67239,0.67268,0.67268,0.67268,0.67268,0.67292,0.67294,0.67317,0.67317,0.67317,0.67317,0.67317,0.67317,0.67317,0.67317,0.67317,0.67317,0.67317,0.67317,0.67317,0.67317,0.67317,0.67317,0.67317,0.67317,0.67317,0.67317,0.67317,0.67317,0.67285,0.67282,0.67714,0.67759,0.67804,0.67801,0.67561,0.67547,0.67483,0.67462,0.67442,0.67438,0.67386,0.67412,0.67558,0.67603,0.67777,0.67781,0.678,0.67807,0.67937,0.67937,0.67937,0.67835,0.67835,0.67984,0.67984,0.67984,0.67984,0.67887,0.67887,0.68054,0.68054,0.68065,0.68067,0.68108,0.68112,0.68141,0.68144,0.68135,0.68135,0.68184,0.68194,0.68277,0.68358,0.68526,0.68537,0.68647,0.68647,0.68648,0.68648,0.6867,0.687,0.68753,0.68756,0.68641,0.6862,0.68436,0.68425,0.68375,0.68364,0.68313,0.68297,0.67918,0.67911,0.67892,0.67885,0.67729,0.67722,0.67541,0.67504,0.67721,0.67722,0.67722,0.67722,0.67722,0.67722,0.67722,0.67722,0.67722,0.67722,0.67722,0.67722,0.67722,0.67714,0.67528,0.6752,0.67515,0.67514,0.6751,0.6751,0.68082,0.68108,0.68983,0.69217,0.70424,0.70436,0.71081,0.71163,0.71736,0.71771,0.71984,0.72036,0.72298,0.72354,0.73558,0.73557,0.73556,0.73556,0.73539,0.73537,0.73537,0.73537,0.73537,0.73537,0.73537,0.73537,0.73537,0.73537,0.73556,0.73557,0.73557,0.73557,0.73557,0.73557,0.72218,0.72199,0.72011,0.72001,0.68005,0.67981,0.67551,0.67544,0.67471,0.67468,0.67351,0.67327,0.6721,0.67183,0.66901,0.66849,0.6678,0.6676,0.66164,0.66164,0.66193,0.6619,0.65309,0.65311,0.65375,0.65375,0.65375,0.65375,0.65375,0.65375,0.65098,0.65068,0.64805,0.64787,0.6459,0.64587,0.64532,0.64519,0.64143,0.64106,0.63992,0.63967,0.63358,0.63313,0.63112,0.63098,0.63076,0.63075,0.63066,0.63066,0.63055,0.63055,0.63055,0.63055,0.63246,0.63269,0.63597,0.63679,0.64052,0.64052,0.64052,0.64052,0.63587,0.63546,0.63143,0.63087,0.62816,0.62796,0.62401,0.62395,0.62337,0.62337,0.62337,0.62337,0.62337,0.62337,0.62337,0.62337,0.62152,0.62141,0.58416,0.58416,0.58416,0.58416,0.58416,0.58416,0.58439,0.58445,0.58464,0.58464,0.58464,0.58467,0.58487,0.58487,0.58499,0.58499,0.58499,0.58499,0.58487,0.58487,0.58487,0.58487,0.59194,0.59276,0.59805,0.59855,0.60013,0.60032,0.60401,0.60414,0.60471,0.60477,0.60637,0.60645,0.60832,0.60841,0.61257,0.61269,0.61368,0.61393,0.617,0.61724,0.62024,0.6218,0.64567,0.64573,0.64595,0.646,0.64601,0.64602,0.64624,0.64629,0.64654,0.64658,0.64798,0.64851,0.65165,0.65249,0.65409,0.65412,0.65426,0.65428,0.65521,0.65526,0.65567,0.65573,0.65175,0.65163,0.6507,0.65064,0.6507,0.65068,0.6512,0.65124,0.65183,0.65182,0.65125,0.65119,0.65029,0.65026,0.64943,0.64883,0.64614,0.64609,0.64575,0.64561,0.64018,0.64017,0.64017,0.64017,0.64017,0.64017,0.64017,0.64017,0.64017,0.64017,0.64017,0.64017,0.64017,0.64017,0.64017,0.64016,0.64244,0.64275,0.64351,0.6435,0.64385,0.6438,0.64319,0.64317,0.64333,0.64333,0.64333,0.64333,0.64347,0.64348,0.6441,0.64411,0.64411,0.64411,0.64411,0.64411,0.64411,0.64414,0.64435,0.64437,0.64457,0.64458,0.64475,0.64476,0.6448,0.64481,0.64431,0.64428,0.64431,0.64432,0.64446,0.64449,0.64775,0.64781,0.64791,0.64791,0.64746,0.64746,0.64746,0.64746,0.64746,0.64746,0.64746,0.64746,0.64746,0.64746,0.64509,0.64502,0.64488,0.64486,0.64293,0.64256,0.63884,0.63884,0.63809,0.63807,0.6371,0.6369,0.6298,0.62877,0.62565,0.62545,0.62012,0.61965,0.60426,0.60418,0.60377,0.60361,0.56814,0.56537,0.54084,0.5384,0.51407,0.51242,0.47883,0.47502,0.44875,0.44656,0.41828,0.41412,0.38482,0.38312,0.35938,0.35848,0.34894,0.34774,0.32186,0.32045,0.31141,0.31046,0.30557,0.30286,0.28621,0.28545,0.27408,0.27343,0.26293,0.26242,0.25726,0.2563,0.24526,0.24487,0.2406,0.24051,0.24002,0.24026,0.23723,0.23642,0.23072,0.2302,0.22604,0.22587,0.22302,0.22218,0.21457,0.21437,0.21425,0.21438,0.21521,0.21509,0.20797,0.20799,0.209,0.20905,0.20958,0.20952,0.2058,0.20554,0.20136,0.20116,0.19649,0.19631,0.19554,0.19546,0.1891,0.18903,0.18903,0.18903,0.18854,0.18854,0.18854,0.18854,0.18853,0.18852,0.18687,0.18684,0.18653,0.18649,0.18557,0.1855,0.18414,0.18412,0.18412,0.18413,0.18462,0.18466,0.18368,0.18362,0.18345,0.18338,0.18491,0.1849,0.18455,0.18452,0.18454,0.18488,0.18799,0.18761,0.1876,0.18809,0.1928,0.19292,0.19454,0.19454,0.1945,0.19449,0.1942,0.1942,0.1942,0.1942,0.19235,0.1922,0.19057,0.19049,0.19302,0.19307,0.19338,0.1934,0.19304,0.19296,0.19595,0.19607,0.19874,0.19867,0.19854,0.19854,0.19854,0.19854,0.19835,0.19834,0.1982,0.1982,0.1982,0.19819,0.1965,0.1965,0.1965,0.1965,0.1948,0.19469,0.1939,0.19381,0.19401,0.19404,0.19648,0.19665,0.19715,0.19718,0.19835,0.1984,0.19926,0.19962,0.20405,0.20405,0.2041,0.2041,0.2042,0.20421,0.20419,0.20419,0.21063,0.21063,0.2108,0.21082,0.21237,0.21286,0.22618,0.22719,0.24658,0.25283,0.25776,0.25926,0.28569,0.28747,0.31223,0.31474,0.32593,0.32688,0.34518,0.34647,0.3534,0.35486,0.37275,0.37337,0.38702,0.38805,0.40022,0.40031,0.40158,0.40164,0.40233,0.40262,0.42667,0.42807,0.43722,0.4385,0.44584,0.44689,0.45714,0.45838,0.46796,0.4685,0.47126,0.47216,0.4804,0.48054,0.48229,0.48241,0.48389,0.48417,0.48969,0.48974,0.48974,0.48974,0.48974,0.48974,0.48974,0.48974,0.48974,0.48974,0.48974,0.48974,0.48974,0.48974,0.48838,0.48838,0.48834,0.4884,0.4893,0.48944,0.49153,0.49123,0.48656,0.48658,0.48737,0.4873,0.48693,0.4869,0.48662,0.48662,0.48662,0.48662,0.48662,0.48662,0.48743,0.48743,0.48743,0.48743,0.49361,0.49385,0.49866,0.49866,0.49866,0.49866,0.49897,0.49902,0.49937,0.49941,0.49941,0.49941,0.49941,0.49941,0.49991,0.49991,0.49991,0.49991,0.49991,0.49991,0.49991,0.49991,0.49995,0.49995,0.49007,0.4897,0.48975,0.48973,0.48934,0.48931,0.48889,0.4888,0.48796,0.48802,0.48802,0.48802,0.48802,0.48802,0.48802,0.48803,0.48858,0.48863,0.48863,0.48863,0.48812,0.48805,0.48697,0.48695,0.48695,0.48695,0.48818,0.48822,0.48827,0.48828,0.48853,0.48872,0.4903,0.49037,0.49059,0.49059,0.49059,0.49059,0.49059,0.49059,0.47421,0.47173,0.43576,0.43345,0.39607,0.39322,0.35613,0.35425,0.33429,0.32939,0.30216,0.29596,0.28145,0.27881,0.25775,0.25583,0.23971,0.23825,0.22713,0.22659,0.20621,0.20499,0.18212,0.18156,0.17906,0.1787,0.16147,0.16027,0.15447,0.1537,0.14901,0.14748,0.12768,0.12731,0.12232,0.12143,0.11449,0.11297,0.10536,0.10483,0.10326,0.10262,0.10081,0.10061,0.09911,0.09874,0.09036,0.0899,0.06743,0.06648,0.04996,0.04758,0.04407,0.04355,0.03718,0.03717,0.03717,0.03717,0.03526,0.03517,0.03199,0.03195,0.03055,0.0305,0.03007,0.02996,0.02688,0.02651,0.02534,0.02496,0.02105,0.02104,0.02104,0.02104,0.02104,0.0213,0.02309,0.02337,0.02449,0.02466,0.02528,0.02528,0.02528,0.02528,0.02528,0.02528,0.02528,0.02528,0.02528,0.02528,0.02528,0.02528,0.02674,0.02674,0.02674,0.02674,0.02674,0.02674,0.02674,0.02678,0.03002,0.03083,0.03383,0.03406,0.03594,0.03653,0.03904,0.03909,0.03928,0.0393,0.04006,0.04208,0.0476,0.0477,0.04831,0.04833,0.04846,0.04847,0.05054,0.05056,0.05154,0.05155,0.05155,0.05161,0.05206,0.05207,0.05224,0.05224,0.05224,0.05224,0.05557,0.05559,0.05569,0.05569,0.05639,0.05642,0.05808,0.05849,0.06211,0.06239,0.06517,0.0652,0.06545,0.06548,0.06622,0.06632,0.06691,0.06705,0.06964,0.06984,0.07129,0.07142,0.08167,0.0817,0.0808,0.08079,0.08119,0.08126,0.08259,0.08262,0.08275,0.08311,0.08362,0.08363,0.08364,0.08365,0.08605,0.08637,0.08983,0.09283,0.10732,0.10836,0.14747,0.14992,0.18644,0.18906,0.21068,0.21423,0.22628,0.22776,0.24968,0.25747,0.27703,0.27806,0.30457,0.3054,0.31933,0.32035,0.34139,0.34244,0.35919,0.35983,0.36224,0.36385,0.37167,0.37249,0.3773,0.37809,0.38441,0.38539,0.39314,0.3942,0.39677,0.39789,0.40159,0.40256,0.4082,0.40873,0.41842,0.41977,0.42587,0.42627,0.43141,0.43205,0.43308,0.43317,0.43518,0.43535,0.43807,0.43826,0.44689,0.44731,0.45363,0.45377,0.45482,0.45495,0.45708,0.45702,0.4578,0.4578,0.45863,0.4587,0.46463,0.46484,0.46927,0.46939,0.46992,0.46997,0.47182,0.47215,0.47368,0.47376,0.47498,0.47509,0.47576,0.47592,0.47621,0.47623,0.47686,0.47696,0.48169,0.48171,0.48171,0.48171,0.48171,0.48171,0.48171,0.48171,0.48171,0.48171,0.48198,0.48208,0.48303,0.48308,0.4837,0.4837,0.47917,0.47917,0.47917,0.47917,0.47908,0.47903,0.47802,0.47743,0.47615,0.47607,0.47365,0.4735,0.47047,0.46835,0.45197,0.45197,0.45197,0.45197,0.45238,0.45238,0.45238,0.45238,0.45238,0.45238,0.44564,0.44526,0.44253,0.44248,0.44177,0.44173,0.44114,0.44109,0.43951,0.43925,0.43657,0.4365,0.43568,0.43558,0.43535,0.4353,0.43526,0.43519,0.43353,0.43323,0.41548,0.41433,0.41195,0.41133,0.40781,0.40719,0.3936,0.38883,0.38606,0.38552,0.37808,0.37783,0.37241,0.37173,0.36355,0.36205,0.35549,0.35511,0.33343,0.3324,0.31936,0.31858,0.3163,0.31555,0.2553,0.25372,0.23296,0.23118,0.21088,0.20921,0.18254,0.1814,0.16371,0.1625,0.15832,0.15786,0.14963,0.14797,0.13228,0.13105,0.1208,0.11974,0.11156,0.11109,0.10525,0.1026,0.08892,0.08872,0.08686,0.08668,0.04795,0.04784,0.04639,0.04631,0.04447,0.044,0.03878,0.03869,0.03781,0.03775,0.03409,0.03405,0.03393,0.0339,0.03363,0.03362,0.03359,0.03356,0.03038,0.03028,0.02514,0.0254,0.0299,0.02975,0.02839,0.02839,0.03354,0.03398,0.03644,0.03644,0.03419,0.03448,0.03643,0.0372,0.04212,0.04195,0.03967,0.0382,0.03497,0.03468,0.03205,0.03198,0.03062,0.0303,0.02965,0.02933,0.01833,0.01665,0.01551,0.01548,0.01551,0.01591,0.01707,0.01716,0.01597,0.01596,0.01597,0.01598,0.01617,0.01617,0.01475,0.01462,0.01358,0.01267,0.01233,0.01226,0.01047,0.01041,0.01076,0.01074,0.01082,0.01082,0.01237,0.01242,0.01128,0.01128,0.01146,0.0115,0.01182,0.01189,0.01232,0.01233,0.01233,0.01233,0.01233,0.01233,0.01168,0.00997,0.0056,0.00509,0.00332,0.00331,0.00331,0.00331,0.00331,0.00331,0.00331,0.00331,0.00287,0.00286,0.0025,0.00248,0.00231,0.00222,0.0011,0.00091,0.00073,0.00072,0.00011,0.0,0.00059,0.00058,0.0024,0.00276,0.00399,0.0039,0.00421,0.00415,0.00408,0.00403,0.01329,0.01435,0.01898,0.01924,0.0211,0.02131,0.02175,0.02177,0.041,0.04218,0.06791,0.06977,0.10304,0.10571,0.14445,0.14698,0.1594,0.16122,0.21499,0.2207,0.24489,0.25349,0.3143,0.31748,0.37378,0.37685,0.42316,0.42979,0.4676,0.4731,0.5146,0.51745,0.56514,0.57122,0.59995,0.60242,0.65387,0.6561,0.68057,0.68447,0.69776,0.69891,0.70857,0.70914,0.71458,0.71587,0.74084,0.74289,0.75274,0.75507,0.8118,0.81292,0.8159,0.8161,0.81749,0.81769,0.82489,0.82795,0.82921,0.82921,0.82921,0.82921,0.82982,0.82987,0.83022,0.83026,0.83012,0.8301,0.82999,0.83,0.83227,0.83238,0.83608,0.83619,0.83595,0.83603,0.83911,0.83928,0.84047,0.84077,0.84692,0.84718,0.84644,0.84644,0.85528,0.85568,0.85349,0.85192,0.85039,0.85035,0.84939,0.84813,0.83846,0.83805,0.83132,0.83129,0.83044,0.83022,0.83019,0.83529,0.83648,0.84274,0.84302,0.84624,0.8464,0.84959,0.8495,0.84884,0.84876,0.84599,0.84614,0.85821,0.85843,0.85994,0.85999,0.86027,0.86041,0.86556,0.86591,0.86723,0.8679,0.86829,0.86834,0.8724,0.87277,0.88261,0.88288,0.88361,0.88375,0.88456,0.88462,0.88547,0.88561,0.88754,0.88772,0.88921,0.8895,0.89889,0.89927,0.90487,0.90512,0.90613,0.90613,0.90613,0.90613,0.9062,0.90627,0.90729,0.90733,0.9078,0.90783,0.90806,0.9081,0.90845,0.90848,0.90902,0.90915,0.91017,0.91021,0.91066,0.91073,0.91187,0.91196,0.89515,0.8863,0.84182,0.8335,0.79082,0.78537,0.72375,0.71948,0.66765,0.66453,0.6125,0.61052,0.55922,0.5567,0.51557,0.51324,0.47039,0.46525,0.41607,0.41197,0.38548,0.38432,0.35513,0.34947,0.316,0.30864,0.29285,0.292,0.27753,0.27702,0.26472,0.26374,0.23908,0.23816,0.22833,0.22751,0.21387,0.21251,0.16262,0.16148,0.15,0.14909,0.13437,0.13378,0.11911,0.11858,0.1162,0.11611,0.11484,0.11469,0.10502,0.10495,0.10442,0.10435,0.09937,0.09921,0.09883,0.09877,0.09832,0.09825,0.0955,0.09547,0.09539,0.09539,0.09392,0.09363,0.09355,0.09354,0.09297,0.09291,0.09191,0.09162,0.08997,0.0894,0.08922,0.0892,0.0883,0.08825,0.09398,0.09407,0.0945,0.0945,0.0942,0.09434,0.09698,0.09702,0.09722,0.09719,0.09665,0.0966,0.09601,0.09615,0.09712,0.09717,0.0979,0.09795,0.09823,0.09832,0.09832,0.09832,0.09854,0.09858,0.09944,0.09947,0.09952,0.09954,0.09985,0.09985,0.09985,0.09986,0.10142,0.10148,0.10096,0.1011,0.10074,0.1007,0.10057,0.10054,0.10128,0.10139,0.10188,0.10193,0.1023,0.10231,0.10225,0.10223,0.10135,0.10135,0.10135,0.10135,0.10155,0.10162,0.10209,0.10212,0.10272,0.10279,0.10326,0.10328,0.10464,0.10467,0.10469,0.10469,0.10502,0.10504,0.1056,0.10561,0.10575,0.1058,0.10622,0.10659,0.10901,0.10901,0.10901,0.10902,0.12079,0.12545,0.1511,0.15282,0.18554,0.18719,0.20003,0.20241,0.28785,0.29983,0.36479,0.36785,0.4225,0.42732,0.47857,0.48574,0.53366,0.54186,0.58406,0.58783,0.6244,0.62966,0.65131,0.65454,0.6833,0.68477,0.70323,0.70782,0.72541,0.72671,0.74141,0.74858,0.77076,0.77148,0.78259,0.78409,0.80756,0.80928,0.82088,0.82378,0.83201,0.83289,0.84428,0.84704,0.86469,0.866,0.87824,0.87947,0.90232,0.90368,0.91586,0.91634,0.92063,0.92085,0.92237,0.92301,0.92543,0.92574,0.94567,0.96111,0.96158,0.96165,0.96382,0.96413,0.96726,0.96761,0.97347,0.97349,0.97369,0.97376,0.97435,0.97447,0.97471,0.97472,0.97477,0.97564,0.97648,0.97651,0.97709,0.9771,0.9772,0.97722,0.97875,0.97892,0.9811,0.98149,0.98248,0.98259,0.98462,0.985,0.98592,0.98595,0.98619,0.9862,0.9862,0.9862,0.98674,0.98684,0.98703,0.98705,0.99345,0.99395,0.99417,0.99419,0.99532,0.99537,0.99691,0.99695,0.99999,0.99999,1.0,1.0,1.0,1.0,1.0,1.0,1.0,1.0,1.0,1.0,1.0,1.0,1.0,0.99954,0.99636,0.99624,0.99522,0.99521,0.99516,0.99506,0.99475,0.99013,0.98984,0.98809,0.98777,0.98568,0.98561,0.98289,0.98274,0.9811,0.98086,0.97798,0.97776,0.97256,0.97235,0.97131,0.97121,0.96965,0.96944,0.96617,0.966,0.96519,0.965,0.95919,0.95882,0.93693,0.93426,0.89594,0.8889,0.77189,0.76921,0.73112,0.72906,0.68819,0.68654,0.6401,0.63799,0.51337,0.50123,0.46386,0.46126,0.44756,0.44328,0.4373,0.4368,0.39464,0.3897,0.36812,0.36614,0.33565,0.33483,0.32848,0.32674,0.31951,0.31769,0.3148,0.3146,0.30971,0.29792,0.27621,0.275,0.26455,0.26295,0.22996,0.22725,0.12897,0.12524,0.12361,0.12354,0.12333,0.12328,0.12044,0.12039,0.12,0.11992,0.11156,0.11156,0.11156,0.11156,0.11156,0.11147,0.10963,0.10963,0.10951,0.10948,0.10941,0.10941,0.10941,0.10938,0.10892,0.10892,0.10884,0.10884,0.10884,0.10884,0.10877,0.10876,0.10866,0.10866,0.10876,0.10876,0.10594,0.10592,0.10569,0.10569,0.10559,0.10558,0.10541,0.10551,0.10654,0.10654,0.1055,0.10548,0.10534,0.10529,0.10422,0.1041,0.10387,0.10385,0.10213,0.10208,0.10184,0.10183,0.10183,0.10185,0.10199,0.10201,0.10239,0.10242,0.10305,0.10319,0.10379,0.10366,0.10305,0.10304,0.10287,0.10287,0.10296,0.10302,0.10426,0.10442,0.10509,0.10517,0.10599,0.10607,0.10685,0.10693,0.10834,0.10835,0.11041,0.11026,0.11035,0.11031,0.11077,0.11105,0.11904,0.1193,0.12073,0.12079,0.12185,0.1223,0.1235,0.12402,0.13567,0.13695,0.14237,0.14321,0.15593,0.15621,0.1635,0.16442,0.16935,0.17031,0.1753,0.1763,0.18392,0.18463,0.18782,0.18806,0.21513,0.2184,0.24013,0.24945,0.25964,0.26122,0.27151,0.27225,0.28714,0.28858,0.30575,0.30649,0.31977,0.33076,0.36405,0.37197,0.41547,0.41814,0.44569,0.44806,0.4855,0.48695,0.52711,0.52878,0.55383,0.55587,0.55767,0.55855,0.5743,0.5751,0.58648,0.58868,0.61915,0.62543,0.63364,0.63657,0.64706,0.64819,0.65829,0.66359,0.67799,0.6785,0.68101,0.68133,0.6901,0.69086,0.69385,0.69403,0.69584,0.6966,0.69841,0.69875,0.70437,0.70504,0.7189,0.71936,0.72614,0.72686,0.72827,0.72902,0.7663,0.76762,0.77497,0.77607,0.77619,0.77616,0.77688,0.77709,0.77743,0.77744,0.77982,0.78082,0.78621,0.78631,0.78698,0.78706,0.78805,0.78811,0.78949,0.79012,0.79039,0.79045,0.79067,0.79073,0.79073,0.79073,0.79107,0.7911,0.7912,0.79138,0.79177,0.79185,0.79192,0.79195,0.79266,0.79288,0.79375,0.79381,0.79413,0.79427,0.79547,0.79545,0.79525,0.79524,0.79522,0.79521,0.79509,0.79508,0.79508,0.79497,0.79443,0.79423,0.79415,0.79414,0.79315,0.79295,0.79052,0.79016,0.78802,0.78766,0.78735,0.78722,0.78592,0.78591,0.78572,0.78554,0.78485,0.78449,0.78331,0.78325,0.78285,0.78274,0.78271,0.7827,0.7825,0.78239,0.77963,0.7796,0.77956,0.77954,0.77816,0.77788,0.77689,0.77677,0.77562,0.77555,0.77141,0.77128,0.76971,0.76921,0.76494,0.76312,0.75468,0.75454,0.7562,0.75596,0.75604,0.75604,0.75605,0.75605,0.75605,0.75605,0.75605,0.75605,0.75604,0.75604,0.75594,0.75594,0.75594,0.75559,0.75447,0.75413,0.75182,0.75162,0.75004,0.74999,0.74939,0.7493,0.74457,0.74454,0.74479,0.74479,0.74479,0.74479,0.74506,0.74509,0.74527,0.74538,0.74678,0.74674,0.74827,0.74856,0.74875,0.74878,0.75209,0.75209,0.75101,0.75078,0.7471,0.74675,0.74583,0.74558,0.7426,0.74244,0.74019,0.74013,0.73983,0.73979,0.73945,0.7394,0.73912,0.73884,0.73844,0.73841,0.73821,0.73815,0.73719,0.73719,0.73719,0.73719,0.73719,0.73719,0.73379,0.73336,0.72998,0.72984,0.72961,0.72961,0.72964,0.72964,0.72964,0.72964,0.7296,0.7296,0.72957,0.72956,0.72908,0.72904,0.72883,0.72883,0.72622,0.72603,0.7251,0.72487,0.72403,0.72397,0.72264,0.72265,0.72265,0.72274,0.72261,0.72243,0.72204,0.72154,0.71967,0.71883,0.71678,0.71525,0.71005,0.70983,0.70623,0.70596,0.70224,0.70181,0.70119,0.70113,0.69959,0.69837,0.6965,0.69641,0.69545,0.69534,0.69367,0.69359,0.69307,0.69307,0.69307,0.69307,0.69307,0.69307,0.69307,0.69307,0.69307,0.69307,0.69307,0.69307,0.69307,0.69307,0.69307,0.69307,0.69307,0.69307,0.69307,0.69307,0.69307,0.69307,0.69307,0.69307,0.69307,0.69307,0.69307,0.69307,0.69307,0.69307,0.69307,0.69307,0.69307,0.69307,0.69307,0.69307,0.69307,0.69307,0.69307,0.69307,0.69307,0.69307,0.69307,0.69307,0.69307,0.69307,0.69307,0.69307,0.69307,0.69307,0.69307,0.69307,0.69307,0.69307,0.69307,0.69307,0.69307,0.69307,0.69307,0.69307,0.69307,0.69307,0.69307,0.69307,0.69307,0.69307,0.69307,0.69307,0.69307,0.69307,0.69307,0.69307,0.69307,0.69307,0.69307,0.69307,0.69307,0.69307,0.69307,0.69307,0.69307,0.69307,0.69307,0.69307,0.69307,0.69307,0.69307,0.69307,0.69307,0.69307,0.69307,0.69307,0.69307,0.69307,0.69307,0.69307,0.69307,0.69307,0.69307,0.69307,0.69307,0.69307,0.69307,0.69307,0.69307,0.69307,0.69307,0.69307,0.69307,0.69307,0.69307,0.69307,0.69307,0.69307,0.69307,0.69307,0.69307,0.69307,0.69307,0.69307,0.69307,0.69307,0.69307,0.69307,0.69307,0.69307,0.69307,0.69307,0.69307,0.69307,0.69307,0.69307,0.69307,0.69307,0.69307,0.69307,0.69307,0.69307,0.69307,0.69307,0.69307,0.69307,0.69307,0.69307,0.69307,0.69307,0.69307,0.69307,0.69307,0.69307,0.69307,0.69307,0.69307,0.69307,0.69307,0.69307,0.69307,0.69307,0.69307,0.69307,0.69307,0.69307,0.69307,0.69307,0.69307,0.69307,0.69307,0.69307,0.69307,0.69307,0.69307,0.69307,0.69307,0.69307,0.69307,0.69307,0.69307,0.69307,0.69307,0.69307,0.69307,0.69307,0.69307,0.69307,0.69307,0.69307,0.69307,0.69307,0.69307,0.69307,0.69307,0.69307,0.69307,0.69307,0.69307,0.69307,0.69307,0.69307,0.69307,0.69307,0.69307,0.69307,0.69307,0.69307,0.69307,0.69307,0.69307,0.69307,0.69307,0.69307,0.69307,0.69307,0.69307,0.69307,0.69307,0.69307,0.69307,0.69307,0.69307,0.69307,0.69307,0.69307,0.69307,0.69307,0.69307,0.69307,0.69307,0.69307,0.69307,0.69307,0.69307,0.69307,0.69307,0.69307,0.69307,0.69307,0.69307,0.69307,0.69307,0.69307,0.69307,0.69307,0.69307,0.69307,0.69307,0.69307,0.69307,0.69307,0.69307,0.69307,0.69307,0.69307,0.69307,0.69307,0.69307,0.69307,0.69307,0.69307,0.69307,0.69307,0.69307,0.69307,0.69307,0.69307,0.69307,0.69307,0.69307,0.69307,0.69307,0.69307,0.69307,0.69307,0.69307,0.69307,0.69307,0.69307,0.69307,0.69307,0.69307,0.69307,0.69307,0.69307,0.69307,0.69307,0.69307,0.69307,0.69307,0.69307,0.69307,0.69307,0.69307,0.69307,0.69307,0.69307,0.69307,0.69307,0.69307,0.69307,0.69307,0.69307,0.69307,0.69307,0.69307,0.69307,0.69307,0.69307,0.69307,0.69307,0.69307,0.69307,0.69307,0.69307,0.69307,0.69307,0.69307,0.69307,0.69307,0.69307,0.69307,0.69307,0.69307,0.69307,0.69307,0.69307,0.69307,0.69307,0.69307,0.69307,0.69307,0.69307,0.69307,0.69307,0.69307,0.69307,0.69307,0.69307,0.69307,0.69307,0.69307,0.69307,0.69307,0.69307,0.69307,0.69307,0.69307,0.69307,0.69307,0.69307,0.69307,0.69307,0.69307,0.69307,0.69307,0.69307,0.69307,0.69307,0.69307,0.69307,0.69307,0.69307,0.69307,0.69307,0.69307,0.69307,0.69307,0.69307,0.69307,0.69307,0.69307,0.69307,0.69307,0.69307,0.69307,0.69307,0.69307,0.69307,0.69307,0.69307,0.69307,0.69307,0.69307,0.69307,0.69307,0.69307,0.69307,0.69307,0.69307,0.69307,0.69307,0.69307,0.69307,0.69307,0.69307,0.69307,0.69307,0.69307,0.69307,0.69307,0.69307,0.69307,0.69307,0.69307,0.69307,0.69307,0.69307,0.69307,0.69307,0.69307,0.69307,0.69307,0.69307,0.69307,0.69307,0.69307,0.69307,0.69307,0.69307,0.69307,0.69307,0.69307,0.69307,0.69307,0.69307,0.69307,0.69307,0.69307,0.69307,0.69307,0.69307,0.69307,0.69307,0.69307,0.69307,0.69307,0.69307,0.69307,0.69307,0.69307,0.69307,0.69307,0.69307,0.69307,0.69307,0.69307,0.69307,0.69307,0.69307,0.69307,0.69307,0.69307,0.69307,0.69307,0.69307,0.69307,0.69307,0.69307,0.69307,0.69307,0.69307,0.69307,0.69307,0.69307,0.69307,0.69307,0.69307,0.69307,0.69307,0.69307,0.69307,0.69307,0.69307,0.69307,0.69307,0.69307,0.69307,0.69307,0.69307,0.69307,0.69307,0.69307,0.69307,0.69307,0.69307,0.69307,0.69307,0.69307,0.69307,0.69307,0.69307,0.69307,0.69307,0.69307,0.69307,0.69307,0.69307,0.69307,0.69307,0.69307,0.69307,0.69307,0.69307,0.69307,0.69307,0.69307,0.69307,0.69307,0.69307,0.69307,0.69307,0.69307,0.69307,0.69307,0.69307,0.69307,0.69307,0.69307,0.69307,0.69307,0.69307,0.69307,0.69307,0.69307,0.69307,0.69307,0.69307,0.69307,0.69307,0.69307,0.69307,0.69307,0.69307,0.69307,0.69307,0.69307,0.69307,0.69307,0.69307,0.69307,0.69307,0.69307,0.69307,0.69307,0.69307,0.69307,0.69307,0.69307,0.69307,0.69307,0.69307,0.69307,0.69307,0.69307,0.69307,0.69307,0.69307,0.69307,0.69307,0.69307,0.69307,0.69307,0.69307,0.69307,0.69307,0.69307,0.69307,0.69307,0.69307,0.69307,0.69307,0.69307,0.69307,0.69307,0.69307,0.69307,0.69307,0.69307,0.69307,0.69307,0.69307,0.69307,0.69307,0.69307,0.69307,0.69307,0.69307,0.69307,0.69307,0.69307,0.69307,0.69307,0.69307,0.69307,0.69307,0.69307,0.69307,0.69307,0.69307,0.69307,0.69307,0.69307,0.69307,0.69307,0.69307,0.69307,0.69307,0.69307,0.69307,0.69307,0.69307,0.69307,0.69307,0.69307,0.69307,0.69307,0.69307,0.69307,0.69307,0.69307,0.69307,0.69307,0.69307,0.69307,0.69307,0.69307,0.69307,0.69307,0.69307,0.69307,0.69307,0.69307,0.69307,0.69307,0.69307,0.69307,0.69307,0.69307,0.69307,0.69307,0.69307,0.69307,0.69307,0.69307,0.69307,0.69307,0.69307,0.69307,0.69307,0.69307,0.69307,0.69307,0.69307,0.69307,0.69307,0.69307,0.69307,0.69307,0.69307,0.69307,0.69307,0.69307,0.69307,0.69307,0.69307,0.69307,0.69307,0.69307,0.69307,0.69307,0.69307,0.69307,0.69307,0.69307,0.69307,0.69307,0.69307,0.69307,0.69307,0.69307,0.69307,0.69307,0.69307,0.69307,0.69307,0.69307,0.69307,0.69307,0.69307,0.69307,0.69307,0.69307,0.69307,0.69307,0.69307,0.69307,0.69307,0.69307,0.69307,0.69307,0.69307,0.69307,0.69307,0.69307,0.69307,0.69307,0.69307,0.69307,0.69307,0.69307,0.69307,0.69307,0.69307,0.69307,0.69307,0.69307,0.69307,0.69307,0.69307,0.69307,0.69307,0.69307,0.69307,0.69307,0.69307,0.69307,0.69307,0.69307,0.69307,0.69307,0.69307,0.69307,0.69307,0.69307,0.69307,0.69307,0.69307,0.69307,0.69307,0.69307,0.69307,0.69307,0.69307,0.69307,0.69307,0.69307,0.69307,0.69307,0.69307,0.69307,0.69307,0.69307,0.69307,0.69307,0.69307,0.69307,0.69307,0.69307,0.69307,0.69307,0.69307,0.69307,0.69307,0.69307,0.69307,0.69307,0.69307,0.69307,0.69307,0.69307,0.69307,0.69307,0.69307,0.69307,0.69307,0.69307,0.69307,0.69307,0.69307,0.69307,0.69307,0.69307,0.69307,0.69307,0.69307,0.69307,0.69307,0.69307,0.69307,0.69307,0.69307,0.69307,0.69307,0.69307,0.69307,0.69307,0.69307,0.69307,0.69307,0.69307,0.69307,0.69307,0.69307,0.69307,0.69307,0.69307,0.69307,0.69307,0.69307,0.69307,0.69307,0.69307,0.69307,0.69307,0.69307,0.69307,0.69307,0.69307,0.69307,0.69307,0.69307,0.69307,0.69307,0.69307,0.69307,0.69307,0.69307,0.69307,0.69307,0.69307,0.69307,0.69307,0.69307,0.69307,0.69307,0.69307,0.69307,0.69307,0.69307,0.69307,0.69307,0.69307,0.69307,0.69307,0.69307,0.69307,0.69307,0.69307,0.69307,0.69307,0.69307,0.69307,0.69307,0.69307,0.69307,0.69307,0.69307,0.69307,0.69307,0.69307,0.69307,0.69307,0.69307,0.69307,0.69307,0.69307,0.69307,0.69307,0.69307,0.69307,0.69307,0.69307,0.69307,0.69307,0.69307,0.69307,0.69307,0.69307,0.69307,0.69307,0.69307,0.69307,0.69307,0.69307,0.69307,0.69307,0.69307,0.69307,0.69307,0.69307,0.69307,0.69307,0.69307,0.69307,0.69307,0.69307,0.69307,0.69307,0.69307,0.69307,0.69307,0.69307,0.69307,0.69307,0.69307,0.69307,0.69307,0.69307,0.69307,0.69307,0.69307,0.69307,0.69307,0.69307,0.69307,0.69307,0.69307,0.69307,0.69307,0.69307,0.69307,0.69307,0.69307,0.69307,0.69307,0.69307,0.69307,0.69307,0.69307,0.69307,0.69307,0.69307,0.69307,0.69307,0.69307,0.69307,0.69307,0.69307,0.69307,0.69307,0.69307,0.69307,0.69307,0.69307,0.69307,0.69307,0.69307,0.69307,0.69307,0.69307,0.69307,0.69307,0.69307,0.69307,0.69307,0.69307,0.69307,0.69307,0.69307,0.69307,0.69307,0.69307,0.69307,0.69307,0.69307,0.69307,0.69307,0.69307,0.69307,0.69307,0.69307,0.69307,0.69307,0.69307,0.69307,0.69307,0.69307,0.69307,0.69307,0.69307,0.69307,0.69307,0.69307,0.69307,0.69307,0.69307,0.69307,0.69307,0.69307,0.69307,0.69307,0.69307,0.69307,0.69307,0.69307,0.69307,0.69307,0.69307,0.69307,0.69307,0.69307,0.69307,0.69307,0.69307,0.69307,0.69307,0.69307,0.69307,0.69307,0.69307,0.69307,0.69307,0.69307,0.69307,0.69307,0.69307,0.69307,0.69307,0.69307,0.69307,0.69307,0.69307,0.69307,0.69307,0.69307,0.69307,0.69307,0.69307,0.69307,0.69307,0.69307,0.69307,0.69307,0.69307,0.69307,0.69307,0.69307,0.69307,0.69307,0.69307,0.69307,0.69307,0.69307,0.69307,0.69307,0.69307,0.69307,0.69307,0.69307,0.69307,0.69307,0.69307,0.69307,0.69307,0.69307,0.69307,0.69307,0.69307,0.69307,0.69307,0.69307,0.69307,0.69307,0.69307,0.69307,0.69307,0.69307,0.69307,0.69307,0.69307,0.69307,0.69307,0.69307,0.69307,0.69307,0.69307,0.69307,0.69307,0.69307,0.69307,0.69307,0.69307,0.69307,0.69307,0.69307,0.69307,0.69307,0.69307,0.69307,0.69307,0.69307,0.69307,0.69307,0.69307,0.69307,0.69307,0.69307,0.69307,0.69307,0.69307,0.69307,0.69307,0.69307,0.69307,0.69307,0.69307,0.69307,0.69307,0.69307,0.69307,0.69307,0.69307,0.69307,0.69307,0.69307,0.69307,0.69307,0.69307,0.69307,0.69307,0.69307,0.69307,0.69307,0.69307,0.69307,0.69307,0.69307,0.69307,0.69307,0.69307,0.69307,0.69307,0.69307,0.69307,0.69307,0.69307,0.69307,0.69307,0.69307,0.69307,0.69307,0.69307,0.69307,0.69307,0.69307,0.69307,0.69307,0.69307,0.69307,0.69307,0.69307,0.69307,0.69307,0.69307,0.69307,0.69307,0.69307,0.69307,0.69307,0.69307,0.69307,0.69307,0.69307,0.69307,0.69307,0.69307,0.69307,0.69307,0.69307,0.69307,0.69307,0.69307,0.69307,0.69307,0.69307,0.69307,0.69307,0.69307,0.69307,0.69307,0.69307,0.69307,0.69307,0.69307,0.69307,0.69307,0.69307,0.69307,0.69307,0.69307,0.69307,0.69307,0.69307,0.69307,0.69307,0.69307,0.69307,0.69307,0.69307,0.69307,0.69307,0.69307,0.69307,0.69307,0.69307,0.69307,0.69307,0.69307,0.69307,0.69307,0.69307,0.69307,0.69307,0.69307,0.69307,0.69307,0.69307,0.69307,0.69307,0.69307,0.69307,0.69307,0.69307,0.69307,0.69307,0.69307,0.69307,0.69307,0.69307,0.69307,0.69307,0.69307,0.69307,0.69307,0.69307,0.69307,0.69307,0.69307,0.69307,0.69307,0.69307,0.69307,0.69307,0.69307,0.69307,0.69307,0.69307,0.69307,0.69307,0.69307,0.69307,0.69307,0.69307,0.69307,0.69307,0.69307,0.69307,0.69307,0.69307,0.69307,0.69307,0.69307,0.69307,0.69307,0.69307,0.69307,0.69307,0.69307,0.69307,0.69307,0.69307,0.69307,0.69307,0.69307,0.69307,0.69307,0.69307,0.69307,0.69307,0.69307,0.69307,0.69307,0.69307,0.69307,0.69307,0.69307,0.69307,0.69307,0.69307,0.69307,0.69307,0.69307,0.69307,0.69307,0.69307,0.69307,0.69307,0.69307,0.69307,0.69307,0.69307,0.69307,0.69307,0.69307,0.69307,0.69307,0.69307,0.69307,0.69307,0.69307,0.69307,0.69307,0.69307,0.69307,0.69307,0.69307,0.69307,0.69307,0.69307,0.69307,0.69307,0.69307,0.69307,0.69307,0.69307,0.69307,0.69307,0.69307,0.69307,0.69307,0.69307,0.69307,0.69307,0.69307,0.69307,0.69307,0.69307,0.69307,0.69307,0.69307,0.69307,0.69307,0.69307,0.69307,0.69307,0.69307,0.69307,0.69307,0.69307,0.69307,0.69307,0.69307,0.69307,0.69307,0.69307,0.69307,0.69307,0.69307,0.69307,0.69307,0.69307,0.69307,0.69307,0.69307,0.69307,0.69307,0.69307,0.69307,0.69307,0.69307,0.69307,0.69307,0.69307,0.69307,0.69307,0.69307,0.69307,0.69307,0.69307,0.69307,0.69307,0.69307,0.69307,0.69307,0.69307,0.69307,0.69307,0.69307,0.69307,0.69307,0.69307,0.69307,0.69307,0.69307,0.69307,0.69307,0.69307,0.69307,0.69307,0.69307,0.69307,0.69307,0.69307,0.69307,0.69307,0.69307,0.69307,0.69307,0.69307,0.69307,0.69307,0.69307,0.69307,0.69307,0.69307,0.69307,0.69307,0.69307,0.69307,0.69307,0.69307,0.69307,0.69307,0.69307,0.69307,0.69307,0.69307,0.69307,0.69307,0.69307,0.69307,0.69307,0.69307,0.69307,0.69307,0.69307,0.69307,0.69307,0.69307,0.69307,0.69307,0.69307,0.69307,0.69307,0.69307,0.69307,0.69307,0.69307,0.69307,0.69307,0.69307,0.69307,0.69307,0.69307,0.69307,0.69307,0.69307,0.69307,0.69307,0.69307,0.69307,0.69307,0.69307,0.69307,0.69307,0.69307,0.69307,0.69307,0.69307,0.69307,0.69307,0.69307,0.69307,0.69307,0.69307,0.69307,0.69307,0.69307,0.69307,0.69307,0.69307,0.69307,0.69307,0.69307,0.69307,0.69307,0.69307,0.69307,0.69307,0.69307,0.69307,0.69307,0.69307,0.69307,0.69307,0.69307,0.69307,0.69307,0.69307,0.69307,0.69307,0.69307,0.69307,0.69307,0.69307,0.69307,0.69307,0.69307,0.69307,0.69307,0.69307,0.69307,0.69307,0.69307,0.69307,0.69307,0.69307,0.69307,0.69307,0.69307,0.69307,0.69307,0.69307,0.69307,0.69307,0.69307,0.69307,0.69307,0.69307,0.69307,0.69307,0.69307,0.69307,0.69307,0.69307,0.69307,0.69307,0.69307,0.69307,0.69307,0.69307,0.69307,0.69307,0.69307,0.69307,0.69307,0.69307,0.69307,0.69307,0.69307,0.69307,0.69307,0.69307,0.69307,0.69307,0.69307,0.69307,0.69307,0.69307,0.69307,0.69307,0.69307,0.69307,0.69307,0.69307,0.69307,0.69307,0.69307,0.69307,0.69307,0.69307,0.69307,0.69307,0.69307,0.69307,0.69307,0.69307,0.69307,0.69307,0.69307,0.69307,0.69307,0.69307,0.69307,0.69307,0.69307,0.69307,0.69307,0.69307,0.69307,0.69307,0.69307,0.69307,0.69307,0.69307,0.69307,0.69307,0.69307,0.69307,0.69307,0.69307,0.69307,0.69307,0.69307,0.69307,0.69307,0.69307,0.69307,0.69307,0.69307,0.69307,0.69307,0.69307,0.69307,0.69307,0.69307,0.69307,0.69307,0.69307,0.69307,0.69307,0.69307,0.69307,0.69307,0.69307,0.69307,0.69307,0.69307,0.69307,0.69307,0.69307,0.69307,0.69307,0.69307,0.69307,0.69307,0.69307,0.69307,0.69307,0.69307,0.69307,0.69307,0.69307,0.69307,0.69307,0.69307,0.69307,0.69307,0.69307,0.69307,0.69307,0.69307,0.69307,0.69307,0.69307,0.69307,0.69307,0.69307,0.69307,0.69307,0.69307,0.69307,0.69307,0.69307,0.69307,0.69307,0.69307,0.69307,0.69307,0.69307,0.69307,0.69307,0.69307,0.69307,0.69307,0.69307,0.69307,0.69307,0.69307,0.69307,0.69307,0.69307,0.69307,0.69307,0.69307,0.69307,0.69307,0.69307,0.69307,0.69307,0.69307,0.69307,0.69307,0.69307,0.69307,0.69307,0.69307,0.69307,0.69307,0.69307,0.69307,0.69307,0.69307,0.69307,0.69307,0.69307,0.69307,0.69307,0.69307,0.69307,0.69307,0.69307,0.69307,0.69307,0.69307,0.69307,0.69307,0.69307,0.69307,0.69307,0.69307,0.69307,0.69307,0.69307,0.69307,0.69307,0.69307,0.69307,0.69307,0.69307,0.69307,0.69307,0.69307,0.69307,0.69307,0.69307,0.69307,0.69307,0.69307,0.69307,0.69307,0.69307,0.69307,0.69307,0.69307,0.69307,0.69307,0.69307,0.69307,0.69307,0.69307,0.69307,0.69307,0.69307,0.69307,0.69307,0.69307,0.69307,0.69307,0.69307,0.69307,0.69307,0.69307,0.69307,0.69307,0.69307,0.69307,0.69307,0.69307,0.69307,0.69307,0.69307,0.69307,0.69307,0.69307,0.69307,0.69307,0.69307,0.69307,0.69307,0.69307,0.69307,0.69307,0.69307,0.69307,0.69307,0.69307,0.69307,0.69307,0.69307,0.69307,0.69307,0.69307,0.69307,0.69307,0.69307,0.69307,0.69307,0.69307,0.69307,0.69307,0.69307,0.69307,0.69307,0.69307,0.69307,0.69307,0.69307,0.69307,0.69307,0.69307,0.69307,0.69307,0.69307,0.69307,0.69307,0.69307,0.69307,0.69307,0.69307,0.69307,0.69307,0.69307,0.69307,0.69307,0.69307,0.69307,0.69307,0.69307,0.69307,0.69307,0.69307,0.69307,0.69307,0.69307,0.69307,0.69307,0.69307,0.69307,0.69307,0.69307,0.69307,0.69307,0.69307,0.69307,0.69307,0.69307,0.69307,0.69307,0.69307,0.69307,0.69307,0.69307,0.69307,0.69307,0.69307,0.69307,0.69307,0.69307,0.69307,0.69307,0.69307,0.69307,0.69307,0.69307,0.69307,0.69307,0.69307,0.69307,0.69307,0.69307,0.69307,0.69307,0.69307,0.69307,0.69307,0.69307,0.69307,0.69307,0.69307,0.69307,0.69307,0.69307,0.69307,0.69307,0.69307,0.69307,0.69307,0.69307,0.69307,0.69307,0.69307,0.69307,0.69307,0.69307,0.69307,0.69307,0.69307,0.69307,0.69307,0.69307,0.69307,0.69307,0.69307,0.69307,0.69307,0.69307,0.69307,0.69307,0.69307,0.69307,0.69307,0.69307,0.69307,0.69307,0.69307,0.69307,0.69307,0.69307,0.69307,0.69307,0.69307,0.69307,0.69307,0.69307,0.69307,0.69307,0.69307,0.69307,0.69307,0.69307,0.69307,0.69307,0.69307,0.69307,0.69307,0.69307,0.69307,0.69307,0.69307,0.69307,0.69307,0.69307,0.69307,0.69307,0.69307,0.69307,0.69307,0.69307,0.69307,0.69307,0.69307,0.69307,0.69307,0.69307,0.69307,0.69307,0.69307,0.69307,0.69307,0.69307,0.69307,0.69307,0.69307,0.69307,0.69307,0.69307,0.69307,0.69307,0.69307,0.69307,0.69307,0.69307,0.69307,0.69307,0.69307,0.69307,0.69307,0.69307,0.69307,0.69307,0.69307,0.69307,0.69307,0.69307,0.69307,0.69307,0.69307,0.69307,0.69307,0.69307,0.69307,0.69307,0.69307,0.69307,0.69307,0.69307,0.69307,0.69307,0.69307,0.69307,0.69307,0.69307,0.69307,0.69307,0.69307,0.69307,0.69307,0.69307,0.69307,0.69307,0.69307,0.69307,0.69307,0.69307,0.69307,0.69307,0.69307,0.69307,0.69307,0.69307,0.69307,0.69307,0.69307,0.69307,0.69307,0.69307,0.69307,0.69307,0.69307,0.69307,0.69307,0.69307,0.69307,0.69307,0.69307,0.69307,0.69307,0.69307,0.69307,0.69307,0.69307,0.69307,0.69307,0.69307,0.69307,0.69307,0.69307,0.69307,0.69307,0.69307,0.69307,0.69307,0.69307,0.69307,0.69307,0.69307,0.69307,0.69307,0.69307,0.69307,0.69307,0.69307,0.69307,0.69307,0.69307,0.69307,0.69307,0.69307,0.69307,0.69307,0.69307,0.69307,0.69307,0.69307,0.69307,0.69307,0.69307,0.69307,0.69307,0.69307,0.69307,0.69307,0.69307,0.69307,0.69307,0.69307,0.69307,0.69307,0.69307,0.69307,0.69307,0.69307,0.69307,0.69307,0.69307,0.69307,0.69307,0.69307,0.69307,0.69307,0.69307,0.69307,0.69307,0.69307,0.69307,0.69307,0.69307,0.69307,0.69307,0.69307,0.69307,0.69307,0.69307,0.69307,0.69307,0.69307,0.69307,0.69307,0.69307,0.69307,0.69307,0.69307,0.69307,0.69307,0.69307,0.69307,0.69307,0.69307,0.69307,0.69307,0.69307,0.69307,0.69307,0.69307,0.69307,0.69307,0.69307,0.69307,0.69307,0.69307,0.69307,0.69307,0.69307,0.69307,0.69307,0.69307,0.69307,0.69307,0.69307,0.69307,0.69307,0.69307,0.69307,0.69307,0.69307,0.69307,0.69307,0.69307,0.69307,0.69307,0.69307,0.69307,0.69307,0.69307,0.69307,0.69307,0.69307,0.69307,0.69307,0.69307,0.69307,0.69307,0.69307,0.69307,0.69307,0.69307,0.69307,0.69307,0.69307,0.69307,0.69307,0.69307,0.69307,0.69307,0.69307,0.69307,0.69307,0.69307,0.69307,0.69307,0.69307,0.69307,0.69307,0.69307,0.69307,0.69307,0.69307,0.69307,0.69307,0.69307,0.69307,0.69307,0.69307,0.69307,0.69307,0.69307,0.69307,0.69307,0.69307,0.69307,0.69307,0.69307,0.69307,0.69307,0.69307,0.69307,0.69307,0.69307,0.69307,0.69307,0.69307,0.69307,0.69307,0.69307,0.69307,0.69307,0.69307,0.69307,0.69307,0.69307,0.69307,0.69307,0.69307,0.69307,0.69307,0.69307,0.69307,0.69307,0.69307,0.69307,0.69307,0.69307,0.69307,0.69307,0.69307,0.69307,0.69307,0.69307,0.69307,0.69307,0.69307,0.69307,0.69307,0.69307,0.69307,0.69307,0.69307,0.69307,0.69307,0.69307,0.69307,0.69307,0.69307,0.69307,0.69307,0.69307,0.69307,0.69307,0.69307,0.69307,0.69307,0.69307,0.69307,0.69307,0.69307,0.69307,0.69307,0.69307,0.69307,0.69307,0.69307,0.69307,0.69307,0.69307,0.69307,0.69307,0.69307,0.69307,0.69307,0.69307,0.69307,0.69307,0.69307,0.69307,0.69307,0.69307,0.69307,0.69307,0.69307,0.69307,0.69307,0.69307,0.69307,0.69307,0.69307,0.69307,0.69307,0.69307,0.69307,0.69307,0.69307,0.69307,0.69307,0.69307,0.69307,0.69307,0.69307,0.69307,0.69307,0.69307,0.69307,0.69307,0.69307,0.69307,0.69307,0.69307,0.69307,0.69307,0.69307,0.69307,0.69307,0.69307,0.69307,0.69307,0.69307,0.69307,0.69307,0.69307,0.69307,0.69307,0.69307,0.69307,0.69307,0.69307,0.69307,0.69307,0.69307,0.69307,0.69307,0.69307,0.69307,0.69307,0.69307,0.69307,0.69307,0.69307,0.69307,0.69307,0.69307,0.69307,0.69307,0.69307,0.69307,0.69307,0.69307,0.69307,0.69307,0.69307,0.69307,0.69307,0.69307,0.69307,0.69307,0.69307,0.69307,0.69307,0.69307,0.69307,0.69307,0.69307,0.69307,0.69307,0.69307,0.69307,0.69307,0.69307,0.69307,0.69307,0.69307,0.69307,0.69307,0.69307,0.69307,0.69307,0.69307,0.69307,0.69307,0.69307,0.69307,0.69307,0.69307,0.69307,0.69307,0.69307,0.69307,0.69307,0.69307,0.69307,0.69307,0.69307,0.69307,0.69307,0.69307,0.69307,0.69307,0.69307,0.69307,0.69307,0.69307,0.69307,0.69307,0.69307,0.69307,0.69307,0.69307,0.69307,0.69307,0.69307,0.69307,0.69307,0.69307,0.69307,0.69307,0.69307,0.69307,0.69307,0.69307,0.69307,0.69307,0.69307,0.69307,0.69307,0.69307,0.69307,0.69307,0.69307,0.69307,0.69307,0.69307,0.69307,0.69307,0.69307,0.69307,0.69307,0.69307,0.69307,0.69307,0.69307,0.69307,0.69307,0.69307,0.69307,0.69307,0.69307,0.69307,0.69307,0.69307,0.69307,0.69307,0.69307,0.69307,0.69307,0.69307,0.69307,0.69307,0.69307,0.69307,0.69307,0.69307,0.69307,0.69307,0.69307,0.69307,0.69307,0.69307,0.69307,0.69307,0.69307,0.69307,0.69307,0.69307,0.69307,0.69307,0.69307,0.69307,0.69307,0.69307,0.69307,0.69307,0.69307,0.69307,0.69307,0.69307,0.69307,0.69307,0.69307,0.69307,0.69307,0.69307,0.69307,0.69307,0.69307,0.69307,0.69307,0.69307,0.69307,0.69307,0.69307,0.69307,0.69307,0.69307,0.69307,0.69307,0.69307,0.69307,0.69307,0.69307,0.69307,0.69307,0.69307,0.69307,0.69307,0.69307,0.69307,0.69307,0.69307,0.69307,0.69307,0.69307,0.69307,0.69307,0.69307,0.69307,0.69307,0.69307,0.69307,0.69307,0.69307,0.69307,0.69307,0.69307,0.69307,0.69307,0.69307,0.69307,0.69307,0.69307,0.69307,0.69307,0.69307,0.69307,0.69307,0.69307,0.69307,0.69307,0.69307,0.69307,0.69307,0.69307,0.69307,0.69307,0.69307,0.69307,0.69307,0.69307,0.69307,0.69307,0.69307,0.69307,0.69307,0.69307,0.69307,0.69307,0.69307,0.69307,0.69307,0.69307,0.69307,0.69307,0.69307,0.69307,0.69307,0.69307,0.69307,0.69307,0.69307,0.69307,0.69307,0.69307,0.69307,0.69307,0.69307,0.69307,0.69307,0.69307,0.69307,0.69307,0.69307,0.69307,0.69307,0.69307,0.69307,0.69307,0.69307,0.69307,0.69307,0.69307,0.69307,0.69307,0.69307,0.69307,0.69307,0.69307,0.69307,0.69307,0.69307,0.69307,0.69307,0.69307,0.69307,0.69307,0.69307,0.69307,0.69307,0.69307,0.69307,0.69307,0.69307,0.69307,0.69307,0.69307,0.69307,0.69307,0.69307,0.69307,0.69307,0.69307,0.69307,0.69307,0.69307,0.69307,0.69307,0.69307,0.69307,0.69307,0.69307,0.69307,0.69307,0.69307,0.69307,0.69307,0.69307,0.69307,0.69307,0.69307,0.69307,0.69307,0.69307,0.69307,0.69307,0.69307,0.69307,0.69307,0.69307,0.69307,0.69307,0.69307,0.69307,0.69307,0.69307,0.69307,0.69307,0.69307,0.69307,0.69307,0.69307,0.69307,0.69307,0.69307,0.69307,0.69307,0.69307,0.69307,0.69307,0.69307,0.69307,0.69307,0.69307,0.69307,0.69307,0.69307,0.69307,0.69307,0.69307,0.69307,0.69307,0.69307,0.69307,0.69307,0.69307,0.69307,0.69307,0.69307,0.69307,0.69307,0.69307,0.69307,0.69307,0.69307,0.69307,0.69307,0.69307,0.69307,0.69307,0.69307,0.69307,0.69307,0.69307,0.69307,0.69307,0.69307,0.69307,0.69307,0.69307,0.69307,0.69307,0.69307,0.69307,0.69307,0.69307,0.69307,0.69307,0.69307,0.69307,0.69307,0.69307,0.69307,0.69307,0.69307,0.69307,0.69307,0.69307,0.69307,0.69307,0.69307,0.69307,0.69307,0.69307,0.69307,0.69307,0.69307,0.69307,0.69307,0.69307,0.69307,0.69307,0.69307,0.69307,0.69307,0.69307,0.69307,0.69307,0.69307,0.69307,0.69307,0.69307,0.69307,0.69307,0.69307,0.69307,0.69307,0.69307,0.69307,0.69307,0.69307,0.69307,0.69307,0.69307,0.69307,0.69307,0.69307,0.69307,0.69307,0.69307,0.69307,0.69307,0.69307,0.69307,0.69307,0.69307,0.69307,0.69307,0.69307,0.69307,0.69307,0.69307,0.69307,0.69307,0.69307,0.69307,0.69307,0.69307,0.69307,0.69307,0.69307,0.69307,0.69307,0.69307,0.69307,0.69307,0.69307,0.69307,0.69307,0.69307,0.69307,0.69307,0.69307,0.69307,0.69307,0.69307,0.69307,0.69307,0.69307,0.69307,0.69307,0.69307,0.69307,0.69307,0.69307,0.69307,0.69307,0.69307,0.69307,0.69307,0.69307,0.69307,0.69307,0.69307,0.69307,0.69307,0.69307,0.69307,0.69307,0.69307,0.69307,0.69307,0.69307,0.69307,0.69307,0.69307,0.69307,0.69307,0.69307,0.69307,0.69307,0.69307,0.69307,0.69307,0.69307,0.69307,0.69307,0.69307,0.69307,0.69307,0.69307,0.69307,0.69307,0.69307,0.69307,0.69307,0.69307,0.69307,0.69307,0.69307,0.69307,0.69307,0.69307,0.69307,0.69307,0.69307,0.69307,0.69307,0.69307,0.69307,0.69307,0.69307,0.69307,0.69307,0.69307,0.69307,0.69307,0.69307,0.69307,0.69307,0.69307,0.69307,0.69307,0.69307,0.69307,0.69307,0.69307,0.69307,0.69307,0.69307,0.69307,0.69307,0.69307,0.69307,0.69307,0.69307,0.69307,0.69307,0.69307,0.69307,0.69307,0.69307,0.69307,0.69307,0.69307,0.69307,0.69307,0.69307,0.69307,0.69307,0.69307,0.69307,0.69307,0.69307,0.69307,0.69307,0.69307,0.69307,0.69307,0.69307,0.69307,0.69307,0.69307,0.69307,0.69307,0.69307,0.69307,0.69307,0.69307,0.69307,0.69307,0.69307,0.69307,0.69307,0.69307,0.69307,0.69307,0.69307,0.69307,0.69307,0.69307,0.69307,0.69307,0.69307,0.69307,0.69307,0.69307,0.69307,0.69307,0.69307,0.69307,0.69307,0.69307,0.69307,0.69307,0.69307,0.69307,0.69307,0.69307,0.69307,0.69307,0.69307,0.69307,0.69307,0.69307,0.69307,0.69307,0.69307,0.69307,0.69307,0.69307,0.69307,0.69307,0.69307,0.69307,0.69307,0.69307,0.69307,0.69307,0.69307,0.69307,0.69307,0.69307,0.69307,0.69307,0.69307,0.69307,0.69307,0.69307,0.69307,0.69307,0.69307,0.69307,0.69307,0.69307,0.69307,0.69307,0.69307,0.69307,0.69307,0.69307,0.69307,0.69307,0.69307,0.69307,0.69307,0.69307,0.69307,0.69307,0.69307,0.69307,0.69307,0.69307,0.69307,0.69307,0.69307,0.69307,0.69307,0.69307,0.69307,0.69307,0.69307,0.69307,0.69307,0.69307,0.69307,0.69307,0.69307,0.69307,0.69307,0.69307,0.69307,0.69307,0.69307,0.69307,0.69307,0.69307,0.69307,0.69307,0.69307,0.69307,0.69307,0.69307,0.69307,0.69307,0.69307,0.69307,0.69307,0.69307,0.69307,0.69307,0.69307,0.69307,0.69307,0.69307,0.69307,0.69307,0.69307,0.69307,0.69307,0.69307,0.69307,0.69307,0.69307,0.69307,0.69307,0.69307,0.69307,0.69307,0.69307,0.69307,0.69307,0.69307,0.69307,0.69307,0.69307,0.69307,0.69307,0.69307,0.69307,0.69307,0.69307,0.69307,0.69307,0.69307,0.69307,0.69307,0.69307,0.69307,0.69307,0.69307,0.69307,0.69307,0.69307,0.69307,0.69307,0.69307,0.69307,0.69307,0.69307,0.69307,0.69307,0.69307,0.69307,0.69307,0.69307,0.69307,0.69307,0.69307,0.69307,0.69307,0.69307,0.69307,0.69307,0.69307,0.69307,0.69307,0.69307,0.69307,0.69307,0.69307,0.69307,0.69307,0.69307,0.69307,0.69307,0.69307,0.69307,0.69307,0.69307,0.69307,0.69307,0.69307,0.69307,0.69307,0.69307,0.69307,0.69307,0.69307,0.69307,0.69307,0.69307,0.69307,0.69307,0.69307,0.69307,0.69307,0.69307,0.69307,0.69307,0.69307,0.69307,0.69307,0.69307,0.69307,0.69307,0.69307,0.69307,0.69307,0.69307,0.69307,0.69307,0.69307,0.69307,0.69307,0.69307,0.69307,0.69307,0.69307,0.69307,0.69307,0.69307,0.69307,0.69307,0.69307,0.69307,0.69307,0.69307,0.69307,0.69307,0.69307,0.69307,0.69307,0.69307,0.69307,0.69307,0.69307,0.69307,0.69307,0.69307,0.69307,0.69307,0.69307,0.69307,0.69307,0.69307,0.69307,0.69307,0.69307,0.69307,0.69307,0.69307,0.69307,0.69307,0.69307,0.69307,0.69307,0.69307,0.69307,0.69307,0.69307,0.69307,0.69307,0.69307,0.69307,0.69307,0.69307,0.69307,0.69307,0.69307,0.69307,0.69307,0.69307,0.69307,0.69307,0.69307,0.69307,0.69307,0.69307,0.69307,0.69307,0.69307,0.69307,0.69307,0.69307,0.69307,0.69307,0.69307,0.69307,0.69307,0.69307,0.69307,0.69307,0.69307,0.69307,0.69307,0.69307,0.69307,0.69307,0.69307,0.69307,0.69307,0.69307,0.69307,0.69307,0.69307,0.69307,0.69307,0.69307,0.69307,0.69307,0.69307,0.69307,0.69307,0.69307,0.69307,0.69307,0.69307,0.69307,0.69307,0.69307,0.69307,0.69307,0.69307,0.69307,0.69307,0.69307,0.69307,0.69307,0.69307,0.69307,0.69307,0.69307,0.69307,0.69307,0.69307,0.69307,0.69307,0.69307,0.69307,0.69307,0.69307,0.69307,0.69307,0.69307,0.69307,0.69307,0.69307,0.69307,0.69307,0.69307,0.69307,0.69307,0.69307,0.69307,0.69307,0.69307,0.69307,0.69307,0.69307,0.69307,0.69307,0.69307,0.69307,0.69307,0.69307,0.69307,0.69307,0.69307,0.69307,0.69307,0.69307,0.69307,0.69307,0.69307,0.69307,0.69307,0.69307,0.69307,0.69307,0.69307,0.69307,0.69307,0.69307,0.69307,0.69307,0.69307,0.69307,0.69307,0.69307,0.69307,0.69307,0.69307,0.69307,0.69307,0.69307,0.69307,0.69307,0.69307,0.69307,0.69307,0.69307,0.69307,0.69307,0.69307,0.69307,0.69307,0.69307,0.69307,0.69307,0.69307,0.69307,0.69307,0.69307,0.69307,0.69307,0.69307,0.69307,0.69307,0.69307,0.69307,0.69307,0.69307,0.69307,0.69307,0.69307,0.69307,0.69307,0.69307,0.69307,0.69307,0.69307,0.69307,0.69307,0.69307,0.69307,0.69307,0.69307,0.69307,0.69307,0.69307,0.69307,0.69307,0.69307,0.69307,0.69307,0.69307,0.69307,0.69307,0.69307,0.69307,0.69307,0.69307,0.69307,0.69307,0.69307,0.69307,0.69307,0.69307,0.69307,0.69307,0.69307,0.69307,0.69307,0.69307,0.69307,0.69307,0.69307,0.69307,0.69307,0.69307,0.69307,0.69307,0.69307,0.69307,0.69307,0.69307,0.69307,0.69307,0.69307,0.69307,0.69307,0.69307,0.69307,0.69307,0.69307,0.69307,0.69307,0.69307,0.69307,0.69307,0.69307,0.69307,0.69307,0.69307,0.69307,0.69307,0.69307,0.69307,0.69307,0.69307,0.69307,0.69307,0.69307,0.69307,0.69307,0.69307,0.69307,0.69307,0.69307,0.69307,0.69307,0.69307,0.69307,0.69307,0.69307,0.69307,0.69307,0.69307,0.69307,0.69307,0.69307,0.69307,0.69307,0.69307,0.69307,0.69307,0.69307,0.69307,0.69307,0.69307,0.69307,0.69307,0.69307,0.69307,0.69307,0.69307,0.69307,0.69307,0.69307,0.69307,0.69307,0.69307,0.69307,0.69307,0.69307,0.69307,0.69307,0.69307,0.69307,0.69307,0.69307,0.69307,0.69307,0.69307,0.69307,0.69307,0.69307,0.69307,0.69307,0.69307,0.69307,0.69307,0.69307,0.69307,0.69307,0.69307,0.69307,0.69307,0.69307,0.69307,0.69307,0.69307,0.69307,0.69307,0.69307,0.69307,0.69307,0.69307,0.69307,0.69307,0.69307,0.69307,0.69307,0.69307,0.69307,0.69307,0.69307,0.69307,0.69307,0.69307,0.69307,0.69307,0.69307,0.69307,0.69307,0.69307,0.69307,0.69307,0.69307,0.69307,0.69307,0.69307,0.69307,0.69307,0.69307,0.69307,0.69307,0.69307,0.69307,0.69307,0.69307,0.69307,0.69307,0.69307,0.69307,0.69307,0.69307,0.69307,0.69307,0.69307,0.69307,0.69307,0.69307,0.69307,0.69307,0.69307,0.69307,0.69307,0.69307,0.69307,0.69307,0.69307,0.69307,0.69307,0.69307,0.69307,0.69307,0.69307,0.69307,0.69307,0.69307,0.69307,0.69307,0.69307,0.69307,0.69307,0.69307,0.69307,0.69307,0.69307,0.69307,0.69307,0.69307,0.69307,0.69307,0.69307,0.69307,0.69307,0.69307,0.69307,0.69307,0.69307,0.69307,0.69307,0.69307,0.69307,0.69307,0.69307,0.69307,0.69307,0.69307,0.69307,0.69307,0.69307,0.69307,0.69307,0.69307,0.69307,0.69307,0.69307,0.69307,0.69307,0.69307,0.69307,0.69307,0.69307,0.69307,0.69307,0.69307,0.69307,0.69307,0.69307,0.69307,0.69307,0.69307,0.69307,0.69307,0.69307,0.69307,0.69307,0.69307,0.69307,0.69307,0.69307,0.69307,0.69307,0.69307,0.69307,0.69307,0.69307,0.69307,0.69307,0.69307,0.69307,0.69307,0.69307,0.69307,0.69307,0.69307,0.69307,0.69307,0.69307,0.69307,0.69307,0.69307,0.69307,0.69307,0.69307,0.69307,0.69307,0.69307,0.69307,0.69307,0.69307,0.69307,0.69307,0.69307,0.69307,0.69307,0.69307,0.69307,0.69307,0.69307,0.69307,0.69307,0.69307,0.69307,0.69307,0.69307,0.69307,0.69307,0.69307,0.69307,0.69307,0.69307,0.69307,0.69307,0.69307,0.69307,0.69307,0.69307,0.69307,0.69307,0.69307,0.69307,0.69307,0.69307,0.69307,0.69307,0.69307,0.69307,0.69307,0.69307,0.69307,0.69307,0.69307,0.69307,0.69307,0.69307,0.69307,0.69307,0.69307,0.69307,0.69307,0.69307,0.69307,0.69307,0.69307,0.69307,0.69307,0.69307,0.69307,0.69307,0.69307,0.69307,0.69307,0.69307,0.69307,0.69307,0.69307,0.69307,0.69307,0.69307,0.69307,0.69307,0.69307,0.69307,0.69307,0.69307,0.69307,0.69307,0.69307,0.69307,0.69307,0.69307,0.69307,0.69307,0.69307,0.69307,0.69307,0.69307,0.69307,0.69307,0.69307,0.69307,0.69307,0.69307,0.69307,0.69307,0.69307,0.69307,0.69307,0.69307,0.69307,0.69307,0.69307,0.69307,0.69307,0.69307,0.69307,0.69307,0.69307,0.69307,0.69307,0.69307,0.69307,0.69307,0.69307,0.69307,0.69307,0.69307,0.69307,0.69307,0.69307,0.69307,0.69307,0.69307,0.69307,0.69307,0.69307,0.69307,0.69307,0.69307,0.69307,0.69307,0.69307,0.69307,0.69307,0.69307,0.69307,0.69307,0.69307,0.69307,0.69307,0.69307,0.69307,0.69307,0.69307,0.69307,0.69307,0.69307,0.69307,0.69307,0.69307,0.69307,0.69307,0.69307,0.69307,0.69307,0.69307,0.69307,0.69307,0.69307,0.69307,0.69307,0.69307,0.69307,0.69307,0.69307,0.69307,0.69307,0.69307,0.69307,0.69307,0.69307,0.69307,0.69307,0.69307,0.69307,0.69307,0.69307,0.69307,0.69307,0.69307,0.69307,0.69307,0.69307,0.69307,0.69307,0.69307,0.69307,0.69307,0.69307,0.69307,0.69307,0.69307,0.69307,0.69307,0.69307,0.69307,0.69307,0.69307,0.69307,0.69307,0.69307,0.69307,0.69307,0.69307,0.69307,0.69307,0.69307,0.69307,0.69307,0.69307,0.69307,0.69307,0.69307,0.69307,0.69307,0.69307,0.69307,0.69307,0.69307,0.69307,0.69307,0.69307,0.69307,0.69307,0.69307,0.69307,0.69307,0.69307,0.69307,0.69307,0.69307,0.69307,0.69307,0.69307,0.69307,0.69307,0.69307,0.69307,0.69307,0.69307,0.69307,0.69307,0.69307,0.69307,0.69307,0.69307,0.69307,0.69307,0.69307,0.69307,0.69307,0.69307,0.69307,0.69307,0.69307,0.69307,0.69307,0.69307,0.69307,0.69307,0.69307,0.69307,0.69307,0.69307,0.69307,0.69307,0.69307,0.69307,0.69307,0.69307,0.69307,0.69307,0.69307,0.69307,0.69307,0.69307,0.69307,0.69307,0.69307,0.69307,0.69307,0.69307,0.69307,0.69307,0.69307,0.69307,0.69307,0.69307,0.69307,0.69307,0.69307,0.69307,0.69307,0.69307,0.69307,0.69307,0.69307,0.69307,0.69307,0.69307,0.69307,0.69307,0.69307,0.69307,0.69307,0.69307,0.69307,0.69307,0.69307,0.69307,0.69307,0.69307,0.69307,0.69307,0.69307,0.69307,0.69307,0.69307,0.69307,0.69307,0.69307,0.69307,0.69307,0.69307,0.69307,0.69307,0.69307,0.69307,0.69307,0.69307,0.69307,0.69307,0.69307,0.69307,0.69307,0.69307,0.69307,0.69307,0.69307,0.69307,0.69307,0.69307,0.69307,0.69307,0.69307,0.69307,0.69307,0.69307,0.69307,0.69307,0.69307,0.69307,0.69307,0.69307,0.69307,0.69307,0.69307,0.69307,0.69307,0.69307,0.69307,0.69307,0.69307,0.69307,0.69307,0.69307,0.69307,0.69307,0.69307,0.69307,0.69307,0.69307,0.69307,0.69307,0.69307,0.69307,0.69307,0.69307,0.69307,0.69307,0.69307,0.69307,0.69307,0.69307,0.69307,0.69307,0.69307,0.69307,0.69307,0.69307,0.69307,0.69307,0.69307,0.69307,0.69307,0.69307,0.69307,0.69307,0.69307,0.69307,0.69307,0.69307,0.69307,0.69307,0.69307,0.69307,0.69307,0.69307,0.69307,0.69307,0.69307,0.69307,0.69307,0.69307,0.69307,0.69307,0.69307,0.69307,0.69307,0.69307,0.69307,0.69307,0.69307,0.69307,0.69307,0.69307,0.69307,0.69307,0.69307,0.69307,0.69307,0.69307,0.69307,0.69307,0.69307,0.69307,0.69307,0.69307,0.69307,0.69307,0.69307,0.69307,0.69307,0.69307,0.69307,0.69307,0.69307,0.69307,0.69307,0.69307,0.69307,0.69307,0.69307,0.69307,0.69307,0.69307,0.69307,0.69307,0.69307,0.69307,0.69307,0.69307,0.69307,0.69307,0.69307,0.69307,0.69307,0.69307,0.69307,0.69307,0.69307,0.69307,0.69307,0.69307,0.69307,0.69307,0.69307,0.69307,0.69307,0.69307,0.69307,0.69307,0.69307,0.69307,0.69307,0.69307,0.69307,0.69307,0.69307,0.69307,0.69307,0.69307,0.69307,0.69307,0.69307,0.69307,0.69307,0.69307,0.69307,0.69307,0.69307,0.69307,0.69307,0.69307,0.69307,0.69307,0.69307,0.69307,0.69307,0.69307,0.69307,0.69307,0.69307,0.69307,0.69307,0.69307,0.69307,0.69307,0.69307,0.69307,0.69307,0.69307,0.69307,0.69307,0.69307,0.69307,0.69307,0.69307,0.69307,0.69307,0.69307,0.69307,0.69307,0.69307,0.69307,0.69307,0.69307,0.69307,0.69307,0.69307,0.69307,0.69307,0.69307,0.69307,0.69307,0.69307,0.69307,0.69307,0.69307,0.69307,0.69307,0.69307,0.69307,0.69307,0.69307,0.69307,0.69307,0.69307,0.69307,0.69307,0.69307,0.69307,0.69307,0.69307,0.69307,0.69307,0.69307,0.69307,0.69307,0.69307,0.69307,0.69307,0.69307,0.69307,0.69307,0.69307,0.69307,0.69307,0.69307,0.69307,0.69307,0.69307,0.69307,0.69307,0.69307,0.69307,0.69307,0.69307,0.69307,0.69307,0.69307,0.69307,0.69307,0.69307,0.69307,0.69307,0.69307,0.69307,0.69307,0.69307,0.69307,0.69307,0.69307,0.69307,0.69307,0.69307,0.69307,0.69307,0.69307,0.69307,0.69307,0.69307,0.69307,0.69307,0.69307,0.69307,0.69307,0.69307,0.69307,0.69307,0.69307,0.69307,0.69307,0.69307,0.69307,0.69307,0.69307,0.69307,0.69307,0.69307,0.69307,0.69307,0.69307,0.69307,0.69307,0.69307,0.69307,0.69307,0.69307,0.69307,0.69307,0.69307,0.69307,0.69307,0.69307,0.69307,0.69307,0.69307,0.69307,0.69307,0.69307,0.69307,0.69307,0.69307,0.69307,0.69307,0.69307,0.69307,0.69307,0.69307,0.69307,0.69307,0.69307,0.69307,0.69307,0.69307,0.69307,0.69307,0.69307,0.69307,0.69307,0.69307,0.69307,0.69307,0.69307,0.69307,0.69307,0.69307,0.69307,0.69307,0.69307,0.69307,0.69307,0.69307,0.69307,0.69307,0.69307,0.69307,0.69307,0.69307,0.69307,0.69307,0.69307,0.69307,0.69307,0.69307,0.69307,0.69307,0.69307,0.69307,0.69307,0.69307,0.69307,0.69307,0.69307,0.69307,0.69307,0.69307,0.69307,0.69307,0.69307,0.69307,0.69307,0.69307,0.69307,0.69307,0.69307,0.69307,0.69307,0.69307,0.69307,0.69307,0.69307,0.69307,0.69307,0.69307,0.69307,0.69307,0.69307,0.69307,0.69307,0.69307,0.69307,0.69307,0.69307,0.69307,0.69307,0.69307,0.69307,0.69307,0.69307,0.69307,0.69307,0.69307,0.69307,0.69307,0.69307,0.69307,0.69307,0.69307,0.69307,0.69307,0.69307,0.69307,0.69307,0.69307,0.69307,0.69307,0.69307,0.69307,0.69307,0.69307,0.69307,0.69307,0.69307,0.69307,0.69307,0.69307,0.69307,0.69307,0.69307,0.69307,0.69307,0.69307,0.69307,0.69307,0.69307,0.69307,0.69307,0.69307,0.69307,0.69307,0.69307,0.69307,0.69307,0.69307,0.69307,0.69307,0.69307,0.69307,0.69307,0.69307,0.69307,0.69307,0.69307,0.69307,0.69307,0.69307,0.69307,0.69307,0.69307,0.69307,0.69307,0.69307,0.69307,0.69307,0.69307,0.69307,0.69307,0.69307,0.69307,0.69307,0.69307,0.69307,0.69307,0.69307,0.69307,0.69307,0.69307,0.69307,0.69307,0.69307,0.69307,0.69307,0.69307,0.69307,0.69307,0.69307,0.69307,0.69307,0.69307,0.69307,0.69307,0.69307,0.69307,0.69307,0.69307,0.69307,0.69307,0.69307,0.69307,0.69307,0.69307,0.69307,0.69307,0.69307,0.69307,0.69307,0.69307,0.69307,0.69307,0.69307,0.69307,0.69307,0.69307,0.69307,0.69307,0.69307,0.69307,0.69307,0.69307,0.69307,0.69307,0.69307,0.69307,0.69307,0.69307,0.69307,0.69307,0.69307,0.69307,0.69307,0.69307,0.69307,0.69307,0.69307,0.69307,0.69307,0.69307,0.69307,0.69307,0.69307,0.69307,0.69307,0.69307,0.69307,0.69307,0.69307,0.69307,0.69307,0.69307,0.69307,0.69307,0.69307,0.69307,0.69307,0.69307,0.69307,0.69307,0.69307,0.69307,0.69307,0.69307,0.69307,0.69307,0.69307,0.69307,0.69307,0.69307,0.69307,0.69307,0.69307,0.69307,0.69307,0.69307,0.69307,0.69307,0.69307,0.69307,0.69307,0.69307,0.69307,0.69307,0.69307,0.69307,0.69307,0.69307,0.69307,0.69307,0.69307,0.69307,0.69307,0.69307,0.69307,0.69307,0.69307,0.69307,0.69307,0.69307,0.69307,0.69307,0.69307,0.69307,0.69307,0.69307,0.69307,0.69307,0.69307,0.69307,0.69307,0.69307,0.69307,0.69307,0.69307,0.69307,0.69307,0.69307,0.69307,0.69307,0.69307,0.69307,0.69307,0.69307,0.69307,0.69307,0.69307,0.69307,0.69307,0.69307,0.69307,0.69307,0.69307,0.69307,0.69307,0.69307,0.69307,0.69307,0.69307,0.69307,0.69307,0.69307,0.69307,0.69307,0.69307,0.69307,0.69307,0.69307,0.69307,0.69307,0.69307,0.69307,0.69307,0.69307,0.69307,0.69307,0.69307,0.69307,0.69307,0.69307,0.69307,0.69307,0.69307,0.69307,0.69307,0.69307,0.69307,0.69307,0.69307,0.69307,0.69307,0.69307,0.69307,0.69307,0.69307,0.69307,0.69307,0.69307,0.69307,0.69307,0.69307,0.69307,0.69307,0.69307,0.69307,0.69307,0.69307,0.69307,0.69307,0.69307,0.69307,0.69307,0.69307,0.69307,0.69307,0.69307,0.69307,0.69307,0.69307,0.69307,0.69307,0.69307,0.69307,0.69307,0.69307,0.69307,0.69307,0.69307,0.69307,0.69307,0.69307,0.69307,0.69307,0.69307,0.69307,0.69307,0.69307,0.69307,0.69307,0.69307,0.69307,0.69307,0.69307,0.69307,0.69307,0.69307,0.69307,0.69307,0.69307,0.69307,0.69307,0.69307,0.69307,0.69307,0.69307,0.69307,0.69307,0.69307,0.69307,0.69307,0.69307,0.69307,0.69307,0.69307,0.69307,0.69307,0.69307,0.69307,0.69307,0.69307,0.69307,0.69307,0.69307,0.69307,0.69307,0.69307,0.69307,0.69307,0.69307,0.69307,0.69307,0.69307,0.69307,0.69307,0.69307,0.69307,0.69307,0.69307,0.69307,0.69307,0.69307,0.69307,0.69307,0.69307,0.69307,0.69307,0.69307,0.69307,0.69307,0.69307,0.69307,0.69307,0.69307,0.69307,0.69307,0.69307,0.69307,0.69307,0.69307,0.69307,0.69307,0.69307,0.69307,0.69307,0.69307,0.69307,0.69307,0.69307,0.69307,0.69307,0.69307,0.69307,0.69307,0.69307,0.69307,0.69307,0.69307,0.69307,0.69307,0.69307,0.69307,0.69307,0.69307,0.69307,0.69307,0.69307,0.69307,0.69307,0.69307,0.69307,0.69307,0.69307,0.69307,0.69307,0.69307,0.69307,0.69307,0.69307,0.69307,0.69307,0.69307,0.69307,0.69307,0.69307,0.69307,0.69307,0.69307,0.69307,0.69307,0.69307,0.69307,0.69307,0.69307,0.69307,0.69307,0.69307,0.69307,0.69307,0.69307,0.69307,0.69307,0.69307,0.69307,0.69307,0.69307,0.69307,0.69307,0.69307,0.69307,0.69307,0.69307,0.69307,0.69307,0.69307,0.69307,0.69307,0.69307,0.69307,0.69307,0.69307,0.69307,0.69307,0.69307,0.69307,0.69307,0.69307,0.69307,0.69307,0.69307,0.69307,0.69307,0.69307,0.69307,0.69307,0.69307,0.69307,0.69307,0.69307,0.69307,0.69307,0.69307,0.69307,0.69307,0.69307,0.69307,0.69307,0.69307,0.69307,0.69307,0.69307,0.69307,0.69307,0.69307,0.69307,0.69307,0.69307,0.69307,0.69307,0.69307,0.69307,0.69307,0.69307,0.69307,0.69307,0.69307,0.69307,0.69307,0.69307,0.69307,0.69307,0.69307,0.69307,0.69307,0.69307,0.69307,0.69307,0.69307,0.69307,0.69307,0.69307,0.69307,0.69307,0.69307,0.69307,0.69307,0.69307,0.69307,0.69307,0.69307,0.69307,0.69307,0.69307,0.69307,0.69307,0.69307,0.69307,0.69307,0.69307,0.69307,0.69307,0.69307,0.69307,0.69307,0.69307,0.69307,0.69307,0.69307,0.69307,0.69307,0.69307,0.69307,0.69307,0.69307,0.69307,0.69307,0.69307,0.69307,0.69307,0.69307,0.69307,0.69307,0.69307,0.69307,0.69307,0.69307,0.69307,0.69307,0.69307,0.69307,0.69307,0.69307,0.69307,0.69307,0.69307,0.69307,0.69307,0.69307,0.69307,0.69307,0.69307,0.69307,0.69307,0.69307,0.69307,0.69307,0.69307,0.69307,0.69307,0.69307,0.69307,0.69307,0.69307,0.69307,0.69307,0.69307,0.69307,0.69307,0.69307,0.69307,0.69307,0.69307,0.69307,0.69307,0.69307,0.69307,0.69307,0.69307,0.69307,0.69307,0.69307,0.69307,0.69307,0.69307,0.69307,0.69307,0.69307,0.69307,0.69307,0.69307,0.69307,0.69307,0.69307,0.69307,0.69307,0.69307,0.69307,0.69307,0.69307,0.69307,0.69307,0.69307,0.69307,0.69307,0.69307,0.69307,0.69307,0.69307,0.69307,0.69307,0.69307,0.69307,0.69307,0.69307,0.69307,0.69307,0.69307,0.69307,0.69307,0.69307,0.69307,0.69307,0.69307,0.69307,0.69307,0.69307,0.69307,0.69307,0.69307,0.69307,0.69307,0.69307,0.69307,0.69307,0.69307,0.69307,0.69307,0.69307,0.69307,0.69307,0.69307,0.69307,0.69307,0.69307,0.69307,0.69307,0.69307,0.69307,0.69307,0.69307,0.69307,0.69307,0.69307,0.69307,0.69307,0.69307,0.69307,0.69307,0.69307,0.69307,0.69307,0.69307,0.69307,0.69307,0.69307,0.69307,0.69307,0.69307,0.69307,0.69307,0.69307,0.69307,0.69307,0.69307,0.69307,0.69307,0.69307,0.69307,0.69307,0.69307,0.69307,0.69307,0.69307,0.69307,0.69307,0.69307,0.69307,0.69307,0.69307,0.69307,0.69307,0.69307,0.69307,0.69307,0.69307,0.69307,0.69307,0.69307,0.69307,0.69307,0.69307,0.69307,0.69307
0.35727,0.35705,0.3574,0.35784,0.35742,0.35738,0.35538,0.35534,0.3555,0.35592,0.35509,0.35516,0.35494,0.35474,0.3544,0.35434,0.35355,0.35351,0.35314,0.35309,0.35211,0.35202,0.35076,0.3505,0.34964,0.34959,0.34867,0.34864,0.34826,0.34824,0.34769,0.34754,0.34409,0.34393,0.34344,0.34343,0.34281,0.3426,0.34226,0.34217,0.34214,0.34213,0.34207,0.34205,0.3411,0.34107,0.34081,0.34077,0.34077,0.34077,0.34077,0.34077,0.34077,0.34077,0.34077,0.34077,0.34169,0.3417,0.34175,0.34177,0.34179,0.34179,0.34186,0.34187,0.34189,0.34189,0.34195,0.34199,0.34634,0.34634,0.34636,0.34637,0.34868,0.34877,0.34899,0.34904,0.34982,0.34984,0.35049,0.35073,0.35092,0.35094,0.35112,0.35121,0.35172,0.35175,0.35187,0.35189,0.35195,0.35194,0.35188,0.35189,0.3524,0.35245,0.35285,0.35291,0.35383,0.35384,0.35382,0.35393,0.35639,0.35665,0.35742,0.3575,0.35833,0.35841,0.35858,0.35857,0.35856,0.35857,0.35876,0.35885,0.36001,0.36008,0.36019,0.3602,0.36019,0.36019,0.35992,0.35978,0.35964,0.35963,0.35958,0.35956,0.35956,0.35941,0.35856,0.35853,0.35853,0.35853,0.35839,0.35836,0.35782,0.35777,0.35705,0.35704,0.35489,0.35451,0.35228,0.35206,0.35129,0.35124,0.35062,0.35041,0.34884,0.34871,0.34805,0.34801,0.34723,0.34718,0.34704,0.347,0.34667,0.34664,0.3465,0.34648,0.34625,0.34623,0.34601,0.34599,0.34586,0.34578,0.34517,0.34511,0.34507,0.34507,0.34507,0.34507,0.34507,0.34507,0.34507,0.34507,0.34507,0.34507,0.34507,0.34507,0.34507,0.34507,0.34507,0.34507,0.34547,0.34551,0.3468,0.34684,0.34769,0.34775,0.34797,0.34802,0.3492,0.34932,0.35026,0.35075,0.35133,0.35143,0.35193,0.35201,0.35262,0.35281,0.35358,0.35384,0.35385,0.35385,0.35415,0.3544,0.35672,0.35677,0.35707,0.35709,0.35717,0.35719,0.35745,0.35748,0.35779,0.35788,0.35849,0.35852,0.35877,0.35879,0.35902,0.35905,0.35908,0.35908,0.35908,0.35908,0.35908,0.35909,0.35925,0.35931,0.36037,0.36056,0.36092,0.36098,0.36107,0.36108,0.36136,0.36142,0.36171,0.36194,0.36253,0.36259,0.36263,0.36265,0.36288,0.3629,0.36365,0.36375,0.36464,0.36491,0.36518,0.36524,0.36537,0.36537,0.36537,0.36537,0.3657,0.36591,0.36597,0.366,0.36614,0.36616,0.36627,0.36628,0.36663,0.36685,0.36685,0.36685,0.36685,0.36685,0.36638,0.36633,0.36614,0.3661,0.36568,0.36555,0.36484,0.36481,0.36503,0.36503,0.36503,0.36503,0.36477,0.36485,0.36509,0.36509,0.36509,0.36509,0.36509,0.36509,0.36509,0.3651,0.3651,0.3651,0.36531,0.36533,0.36568,0.36569,0.36544,0.36544,0.36544,0.36544,0.36544,0.36544,0.36544,0.36544,0.36544,0.36544,0.36544,0.36544,0.36544,0.36538,0.36517,0.36516,0.36499,0.36499,0.36486,0.3648,0.36413,0.36396,0.36352,0.36352,0.36322,0.36324,0.36348,0.36348,0.36346,0.3636,0.36401,0.36397,0.36378,0.36377,0.36374,0.36374,0.3633,0.3632,0.36306,0.36302,0.36302,0.36302,0.36436,0.36504,0.3657,0.36573,0.36586,0.36588,0.36645,0.36648,0.36696,0.36696,0.36698,0.36698,0.36698,0.36698,0.36746,0.36754,0.36842,0.36845,0.36883,0.36883,0.36883,0.36883,0.36885,0.36885,0.36885,0.36885,0.36868,0.36868,0.36862,0.36858,0.36842,0.36844,0.36856,0.36858,0.36822,0.3682,0.36775,0.36774,0.36769,0.36769,0.36774,0.36775,0.36784,0.36789,0.36826,0.36828,0.36855,0.36855,0.36834,0.36832,0.36833,0.36833,0.36848,0.36855,0.36886,0.36884,0.36859,0.36855,0.36838,0.36838,0.36841,0.36842,0.3685,0.36857,0.36863,0.36861,0.36834,0.36833,0.36832,0.36833,0.36855,0.36858,0.36882,0.36882,0.36918,0.36921,0.36941,0.36946,0.36985,0.36988,0.36997,0.36998,0.36998,0.36996,0.36992,0.36991,0.36991,0.36992,0.36997,0.36998,0.37009,0.3701,0.37011,0.37012,0.37012,0.37012,0.37012,0.37012,0.37043,0.3705,0.37084,0.3709,0.3716,0.37169,0.37179,0.37186,0.3722,0.37224,0.37263,0.37276,0.37276,0.37274,0.37239,0.37238,0.37301,0.37302,0.37322,0.37326,0.37361,0.37362,0.37387,0.37403,0.37401,0.37408,0.37455,0.37463,0.375,0.37503,0.37533,0.37535,0.37455,0.37452,0.37412,0.37405,0.37358,0.37358,0.37358,0.37358,0.37377,0.37372,0.37375,0.37383,0.37383,0.3738,0.37369,0.37368,0.37359,0.37354,0.37306,0.37295,0.37291,0.37291,0.37291,0.37291,0.37291,0.37291,0.37291,0.37291,0.37264,0.37261,0.37153,0.37145,0.3704,0.37027,0.36827,0.36791,0.36798,0.3674,0.3668,0.36648,0.36648,0.36648,0.36602,0.36593,0.36564,0.36563,0.36275,0.36085,0.35163,0.35056,0.33705,0.33302,0.32164,0.321,0.31476,0.31221,0.29683,0.29612,0.28627,0.28497,0.28459,0.28358,0.27337,0.27301,0.27058,0.27034,0.26072,0.25921,0.24965,0.24871,0.23763,0.23721,0.23159,0.23081,0.2243,0.22339,0.21737,0.21669,0.21269,0.21228,0.20857,0.20749,0.20547,0.20524,0.20154,0.20127,0.19871,0.19838,0.19599,0.19568,0.19291,0.19232,0.18741,0.18705,0.18634,0.18612,0.18173,0.18165,0.18152,0.18152,0.18135,0.18133,0.17951,0.17867,0.17786,0.17778,0.17703,0.17676,0.17332,0.17314,0.17207,0.17199,0.1709,0.1706,0.1699,0.16991,0.16889,0.16887,0.16879,0.16879,0.16889,0.16891,0.16779,0.16746,0.16737,0.16727,0.16656,0.16651,0.16569,0.16565,0.16548,0.16544,0.165,0.16497,0.16453,0.16446,0.1623,0.16219,0.16136,0.16116,0.15957,0.15916,0.15729,0.15688,0.15143,0.15142,0.1513,0.15128,0.15128,0.15128,0.15128,0.15128,0.15128,0.15128,0.15128,0.15128,0.15128,0.15131,0.15142,0.15142,0.15151,0.15151,0.15142,0.15141,0.15128,0.15125,0.15126,0.15129,0.15183,0.15185,0.15201,0.15204,0.1521,0.15212,0.15225,0.1523,0.15236,0.15236,0.15236,0.15236,0.15274,0.15275,0.15293,0.15299,0.15348,0.15357,0.15427,0.15429,0.15446,0.15446,0.15446,0.15446,0.15506,0.15509,0.15557,0.15557,0.15557,0.15586,0.15668,0.15674,0.15742,0.15745,0.15759,0.15767,0.17191,0.17368,0.19201,0.19458,0.2224,0.22557,0.24837,0.25608,0.29731,0.30169,0.33864,0.34294,0.38609,0.40079,0.42986,0.43356,0.47883,0.48192,0.5322,0.53454,0.57396,0.57717,0.60736,0.62332,0.65807,0.66023,0.68555,0.69103,0.72757,0.73256,0.74998,0.75386,0.78159,0.79071,0.80489,0.80605,0.82075,0.82201,0.83948,0.84027,0.84966,0.85045,0.86574,0.8668,0.87617,0.87755,0.88397,0.88488,0.89349,0.89558,0.90225,0.90306,0.90978,0.91006,0.912,0.9127,0.91967,0.92157,0.92922,0.92959,0.93493,0.93545,0.94171,0.94238,0.94649,0.94676,0.95528,0.95613,0.96041,0.96066,0.96124,0.96135,0.96283,0.96374,0.96656,0.96674,0.96749,0.96785,0.97025,0.97165,0.97541,0.97589,0.97865,0.97937,0.98071,0.98077,0.98225,0.9827,0.98469,0.98481,0.98505,0.9851,0.98524,0.98525,0.98534,0.9854,0.9858,0.98596,0.98635,0.98649,0.98656,0.98657,0.98683,0.98685,0.98717,0.98722,0.98749,0.98766,0.98782,0.98782,0.98782,0.98783,0.9905,0.9907,0.99133,0.99133,0.99134,0.99219,0.99363,0.99364,0.99387,0.99388,0.99486,0.99492,0.9964,0.99648,0.9969,0.99694,0.99735,0.99735,0.99768,0.99773,0.99773,0.99774,0.99779,0.9978,0.99979,0.99981,0.99983,0.99984,1.0,1.0,1.0,1.0,0.99874,0.99871,0.99851,0.99846,0.99833,0.99833,0.99833,0.99833,0.99743,0.99736,0.99694,0.99692,0.99692,0.99654,0.98604,0.98486,0.95445,0.94889,0.92921,0.92221,0.88255,0.87781,0.84348,0.84123,0.79648,0.79193,0.76042,0.74586,0.69601,0.69259,0.6526,0.6439,0.59415,0.58032,0.55369,0.55205,0.51737,0.51588,0.48871,0.48261,0.45732,0.45501,0.43698,0.43034,0.40937,0.40803,0.38685,0.38557,0.36411,0.36108,0.34749,0.34618,0.33099,0.32992,0.31751,0.31616,0.30264,0.30175,0.28899,0.288,0.27979,0.2792,0.2699,0.26895,0.25997,0.25922,0.25373,0.25271,0.24461,0.24396,0.23784,0.23702,0.2319,0.23168,0.23129,0.23114,0.22727,0.22623,0.22248,0.22191,0.21351,0.21344,0.21332,0.21324,0.20967,0.20953,0.20845,0.20844,0.20834,0.20834,0.20532,0.20523,0.2037,0.2036,0.20019,0.20017,0.19994,0.1999,0.19728,0.19728,0.19728,0.19728,0.19685,0.19685,0.19685,0.19684,0.19662,0.1966,0.19664,0.19661,0.19628,0.19618,0.19521,0.19512,0.19441,0.19424,0.19422,0.19418,0.19398,0.19397,0.19371,0.19369,0.19363,0.19362,0.19362,0.19362,0.19369,0.19369,0.19358,0.19357,0.19335,0.19327,0.1929,0.19282,0.19261,0.19259,0.19249,0.19172,0.19086,0.19081,0.19031,0.19029,0.19016,0.19012,0.18964,0.1896,0.1891,0.18905,0.18827,0.18823,0.18797,0.18795,0.18799,0.18799,0.18799,0.18799,0.18794,0.18794,0.18794,0.18794,0.18794,0.18804,0.18874,0.18898,0.18898,0.18894,0.18887,0.18887,0.18931,0.18931,0.18941,0.18947,0.19558,0.19639,0.20492,0.20617,0.2204,0.22167,0.25086,0.25328,0.29311,0.29494,0.31871,0.33151,0.38203,0.39139,0.42707,0.42973,0.48057,0.48447,0.53568,0.53907,0.57959,0.58207,0.62679,0.62894,0.66061,0.66729,0.6906,0.69312,0.72282,0.72447,0.74369,0.75048,0.7785,0.78006,0.79349,0.79716,0.82193,0.82489,0.83751,0.84085,0.8615,0.86316,0.87503,0.87602,0.88563,0.88758,0.8935,0.89399,0.90216,0.90341,0.91151,0.91192,0.91722,0.91814,0.92306,0.9244,0.93337,0.93402,0.93766,0.93833,0.94104,0.9418,0.94553,0.94615,0.95033,0.95067,0.95512,0.95903,0.96242,0.96247,0.96267,0.96268,0.96271,0.96272,0.96283,0.96283,0.96283,0.96281,0.96303,0.96306,0.9635,0.96351,0.96358,0.96359,0.96405,0.96407,0.96452,0.96466,0.96534,0.96539,0.96546,0.96547,0.96551,0.96552,0.96666,0.96685,0.96755,0.96756,0.96769,0.9677,0.96786,0.96786,0.96859,0.9686,0.96877,0.96879,0.96893,0.96895,0.97024,0.97025,0.9703,0.97031,0.97074,0.97076,0.9708,0.97083,0.97285,0.97349,0.97685,0.97703,0.97956,0.9799,0.98143,0.98151,0.98245,0.98253,0.98268,0.98267,0.9829,0.9829,0.98284,0.98284,0.98284,0.98284,0.98283,0.98283,0.98295,0.98296,0.98299,0.983,0.98305,0.98299,0.98283,0.98281,0.98281,0.98281,0.9828,0.9828,0.98241,0.98239,0.98189,0.98183,0.98117,0.981,0.98021,0.98012,0.98012,0.98012,0.98011,0.9801,0.97722,0.97628,0.97502,0.97447,0.95193,0.94793,0.93966,0.9347,0.90883,0.90635,0.88267,0.8729,0.83252,0.82996,0.79465,0.78854,0.74788,0.74427,0.69685,0.69255,0.64736,0.64205,0.59411,0.5907,0.55123,0.54436,0.51353,0.5094,0.48266,0.48086,0.45383,0.4462,0.42168,0.4164,0.40062,0.39921,0.38541,0.38397,0.36655,0.36441,0.34961,0.34775,0.33356,0.33239,0.31806,0.31667,0.30464,0.30331,0.29382,0.29257,0.28397,0.28092,0.2707,0.26958,0.26228,0.26087,0.25265,0.25157,0.24192,0.24154,0.23624,0.2351,0.22857,0.22667,0.22299,0.22197,0.21395,0.21192,0.20278,0.20229,0.19809,0.19768,0.19101,0.19077,0.18864,0.18837,0.1819,0.18135,0.17969,0.17924,0.17791,0.17785,0.17759,0.17751,0.17645,0.17637,0.17421,0.17399,0.17279,0.17272,0.17166,0.17156,0.17112,0.17104,0.17076,0.1707,0.17007,0.17004,0.16987,0.16983,0.16959,0.16957,0.16929,0.16924,0.16924,0.16925,0.16908,0.16903,0.16854,0.16852,0.16834,0.16832,0.16856,0.16856,0.1688,0.1688,0.16886,0.1689,0.17098,0.17105,0.17194,0.17199,0.17258,0.17266,0.17308,0.17308,0.17268,0.17262,0.17262,0.17262,0.1723,0.1723,0.17258,0.17262,0.17308,0.17308,0.17308,0.17308,0.17308,0.17308,0.17308,0.17308,0.17331,0.1734,0.1734,0.17334,0.17272,0.17257,0.17174,0.17172,0.17156,0.17153,0.1704,0.1704,0.17007,0.17007,0.17004,0.17002,0.16998,0.16995,0.1692,0.16916,0.16784,0.16762,0.16727,0.16723,0.16662,0.16642,0.1514,0.14998,0.1421,0.14142,0.12955,0.12862,0.11523,0.11478,0.11503,0.11463,0.10756,0.10349,0.09344,0.09256,0.08503,0.08416,0.07855,0.07791,0.07286,0.07226,0.06398,0.06293,0.05851,0.05817,0.05269,0.05241,0.0504,0.04948,0.04556,0.04548,0.04533,0.0453,0.04451,0.04437,0.0433,0.04252,0.03499,0.03467,0.03232,0.03227,0.0298,0.02986,0.0301,0.03005,0.02853,0.02821,0.02806,0.02823,0.02819,0.02764,0.0256,0.0256,0.02467,0.0244,0.02367,0.02353,0.01998,0.01945,0.01815,0.01813,0.01788,0.01685,0.01441,0.01409,0.01261,0.01241,0.01129,0.01124,0.01095,0.01035,0.0085,0.00827,0.00826,0.00822,0.00804,0.00795,0.00339,0.00328,0.00285,0.00284,0.00274,0.00273,0.0018,0.00127,0.001,0.00094,0.00052,0.00051,0.00037,0.00036,0.00014,0.0,0.00107,0.00115,0.00304,0.00311,0.00421,0.00428,0.00472,0.00481,0.00666,0.0068,0.00921,0.00937,0.01163,0.01168,0.01184,0.01193,0.01441,0.01501,0.01574,0.01574,0.0165,0.01655,0.01873,0.01899,0.02082,0.02111,0.02244,0.02261,0.02535,0.02559,0.02651,0.02649,0.02653,0.02659,0.02708,0.02724,0.02828,0.02834,0.02844,0.02846,0.02859,0.02862,0.02872,0.02873,0.02879,0.02871,0.02846,0.02846,0.02787,0.02788,0.02792,0.02795,0.0283,0.02833,0.02858,0.02864,0.02864,0.02865,0.02866,0.02866,0.02933,0.02938,0.03026,0.03037,0.03179,0.03182,0.03212,0.03221,0.03295,0.03314,0.03404,0.03422,0.03878,0.03936,0.04115,0.04121,0.04224,0.04231,0.04725,0.04875,0.0577,0.05908,0.06301,0.0633,0.06775,0.06792,0.06889,0.06897,0.07045,0.07052,0.07452,0.07525,0.08134,0.08162,0.08633,0.08721,0.08811,0.08822,0.08882,0.089,0.09381,0.09404,0.09523,0.09567,0.09621,0.09627,0.09704,0.09734,0.10084,0.101,0.10336,0.10346,0.10481,0.10498,0.1052,0.1053,0.10729,0.10751,0.10855,0.1086,0.10928,0.10932,0.10938,0.10943,0.10972,0.1098,0.11025,0.11039,0.11058,0.11059,0.1108,0.11086,0.11052,0.11061,0.1109,0.11087,0.111,0.11109,0.11136,0.1112,0.11014,0.11008,0.10991,0.1099,0.11016,0.11016,0.11017,0.11021,0.11153,0.11162,0.11209,0.11209,0.11209,0.11208,0.11199,0.11198,0.11187,0.11187,0.11187,0.11187,0.11195,0.11195,0.11195,0.11195,0.11267,0.11268,0.11274,0.11276,0.11236,0.11234,0.1123,0.11232,0.11257,0.1126,0.11274,0.11274,0.11295,0.11306,0.1138,0.11387,0.11424,0.11448,0.11544,0.11566,0.11575,0.11575,0.11558,0.11557,0.11546,0.11546,0.11543,0.11542,0.11506,0.11503,0.11489,0.11489,0.11489,0.11489,0.1147,0.11464,0.1133,0.11325,0.11287,0.11285,0.11224,0.11219,0.11099,0.11078,0.11133,0.11136,0.11173,0.11173,0.11173,0.11173,0.11173,0.11173,0.11173,0.1117,0.11183,0.11194,0.11176,0.11176,0.11145,0.1114,0.11053,0.11045,0.11033,0.11023,0.10903,0.10897,0.10833,0.10831,0.10811,0.10808,0.10793,0.10785,0.10587,0.10584,0.1058,0.10579,0.106,0.10601,0.10603,0.10603,0.10357,0.10344,0.10053,0.10008,0.09376,0.09266,0.09147,0.09118,0.08951,0.08942,0.08784,0.08775,0.08602,0.08589,0.08382,0.08307,0.08153,0.08171,0.08196,0.08192,0.08171,0.08164,0.08151,0.0815,0.0813,0.08122,0.08094,0.08091,0.08054,0.08051,0.08003,0.07998,0.07935,0.07929,0.07864,0.07844,0.07832,0.0782,0.07808,0.07808,0.07803,0.07802,0.07759,0.07756,0.07722,0.07718,0.07706,0.07704,0.0765,0.07641,0.07604,0.076,0.07454,0.07443,0.0742,0.07418,0.07382,0.07381,0.07365,0.07363,0.0733,0.07327,0.07226,0.0722,0.07175,0.07151,0.07026,0.0701,0.06924,0.06918,0.0688,0.06876,0.06855,0.06853,0.06793,0.06777,0.06698,0.06651,0.06392,0.06376,0.06304,0.063,0.06275,0.06261,0.06207,0.06205,0.0617,0.06168,0.06133,0.06128,0.06125,0.06127,0.06133,0.06133,0.06138,0.06139,0.0615,0.06151,0.06153,0.06154,0.06181,0.06181,0.06181,0.06181,0.06181,0.06181,0.06181,0.06181,0.06193,0.06197,0.06228,0.06236,0.06419,0.06457,0.06645,0.06668,0.0674,0.06743,0.06806,0.06816,0.0688,0.06887,0.07037,0.07127,0.07179,0.07188,0.07402,0.07422,0.07574,0.07592,0.07699,0.07706,0.07914,0.07935,0.08083,0.08092,0.08094,0.08095,0.08165,0.08185,0.08232,0.08267,0.08313,0.08313,0.08314,0.08314,0.08322,0.08329,0.09,0.09103,0.10186,0.10221,0.10562,0.10566,0.10564,0.10564,0.10603,0.10608,0.10629,0.10637,0.10691,0.1071,0.10795,0.10784,0.10802,0.10811,0.10823,0.10821,0.10845,0.10846,0.10981,0.10989,0.11155,0.11163,0.11493,0.11491,0.1149,0.1149,0.11689,0.11694,0.11716,0.11715,0.11786,0.11817,0.11843,0.11891,0.12027,0.12028,0.12019,0.12012,0.11983,0.11982,0.11896,0.11894,0.11963,0.11963,0.11975,0.11976,0.1201,0.12012,0.12055,0.12057,0.12061,0.12065,0.1215,0.12152,0.12154,0.12154,0.122,0.12201,0.12203,0.12203,0.12203,0.12208,0.12216,0.12216,0.12185,0.12185,0.12188,0.12189,0.12189,0.12191,0.12198,0.122,0.12314,0.12319,0.12349,0.12358,0.12444,0.12517,0.12712,0.12716,0.12754,0.12761,0.12805,0.12811,0.1285,0.12882,0.12969,0.12969,0.12975,0.12975,0.12975,0.12975,0.12976,0.12976,0.12976,0.12976,0.12976,0.12976,0.13,0.13009,0.13033,0.13036,0.13069,0.13095,0.13107,0.13109,0.13133,0.13139,0.13157,0.13157,0.13163,0.13164,0.13139,0.13137,0.13153,0.13154,0.13088,0.13029,0.12902,0.12884,0.12866,0.12845,0.12757,0.12733,0.12716,0.12713,0.12794,0.12823,0.12863,0.12848,0.12776,0.12732,0.13094,0.13211,0.1354,0.1359,0.13725,0.13733,0.13929,0.13927,0.13956,0.13957,0.13962,0.13965,0.14739,0.14793,0.15937,0.16074,0.17245,0.17317,0.18932,0.19021,0.20636,0.21129,0.22586,0.22824,0.2484,0.24961,0.27009,0.27118,0.28795,0.28896,0.30161,0.303,0.31502,0.31627,0.32991,0.33039,0.33518,0.33559,0.34076,0.34272,0.3513,0.35225,0.35867,0.35918,0.36181,0.36187,0.36461,0.36476,0.36902,0.36928,0.37314,0.37356,0.37865,0.37862,0.37578,0.37582,0.37705,0.37731,0.37945,0.38054,0.38325,0.38343,0.38669,0.38681,0.38911,0.3897,0.39135,0.39162,0.39196,0.39197,0.39207,0.39207,0.39211,0.39231,0.39294,0.39323,0.39405,0.39413,0.39473,0.39479,0.39479,0.39479,0.39479,0.39479,0.39479,0.39479,0.39479,0.39479,0.39479,0.39484,0.39489,0.39489,0.39489,0.3949,0.39497,0.395,0.39555,0.39557,0.39564,0.39564,0.39559,0.39563,0.39556,0.39553,0.39571,0.39579,0.39615,0.39624,0.39627,0.39628,0.39628,0.39628,0.39629,0.39629,0.39631,0.39633,0.39674,0.39703,0.39752,0.39774,0.39863,0.39883,0.39999,0.40044,0.4021,0.40224,0.4046,0.40472,0.40535,0.40543,0.40801,0.40832,0.41122,0.41134,0.41311,0.41358,0.4153,0.41539,0.41608,0.4162,0.41684,0.41724,0.41796,0.41813,0.41993,0.42007,0.42074,0.42078,0.42152,0.42177,0.42325,0.42351,0.42374,0.42375,0.42379,0.4238,0.42381,0.42392,0.42475,0.42497,0.42546,0.42551,0.42556,0.42558,0.42786,0.42805,0.43003,0.4303,0.43066,0.4307,0.43184,0.43192,0.43257,0.43263,0.43208,0.43176,0.43115,0.43115,0.43119,0.43119,0.431,0.43044,0.42897,0.42891,0.42899,0.42913,0.42937,0.42945,0.42955,0.42956,0.42957,0.42958,0.43008,0.43009,0.43012,0.43013,0.4308,0.43104,0.43274,0.43279,0.4335,0.43353,0.4336,0.43363,0.43429,0.43429,0.43481,0.43488,0.43616,0.43662,0.43961,0.43977,0.44064,0.44072,0.44202,0.44237,0.44466,0.44468,0.44498,0.44501,0.44562,0.44579,0.44768,0.44787,0.44969,0.44974,0.45021,0.45041,0.45081,0.45088,0.45233,0.45249,0.45336,0.45376,0.45573,0.45581,0.45649,0.45655,0.45672,0.45678,0.45715,0.45732,0.45852,0.4588,0.45975,0.45989,0.46065,0.46069,0.46101,0.4611,0.4624,0.46252,0.46283,0.46286,0.46384,0.464,0.46429,0.46452,0.46759,0.46765,0.46857,0.46863,0.46894,0.46901,0.47023,0.47034,0.471,0.47103,0.47109,0.4711,0.47119,0.47123,0.47141,0.47142,0.47151,0.47155,0.47233,0.47237,0.4732,0.47322,0.47361,0.47363,0.47367,0.47367,0.47367,0.47367,0.47367,0.47367,0.47367,0.47367,0.47367,0.47367,0.47367,0.47367,0.47367,0.47367,0.47367,0.47367,0.47367,0.47367,0.47367,0.47367,0.47367,0.47367,0.47367,0.47367,0.47367,0.47367,0.47367,0.47367,0.47367,0.47367,0.47367,0.47367,0.47367,0.47367,0.47367,0.47367,0.47367,0.47367,0.47367,0.47367,0.47367,0.47367,0.47367,0.47367,0.47367,0.47367,0.47367,0.47367,0.47367,0.47367,0.47367,0.47367,0.47367,0.47367,0.47367,0.47367,0.47367,0.47367,0.47367,0.47367,0.47367,0.47367,0.47367,0.47367,0.47367,0.47367,0.47367,0.47367,0.47367,0.47367,0.47367,0.47367,0.47367,0.47367,0.47367,0.47367,0.47367,0.47367,0.47367,0.47367,0.47367,0.47367,0.47367,0.47367,0.47367,0.47367,0.47367,0.47367,0.47367,0.47367,0.47367,0.47367,0.47367,0.47367,0.47367,0.47367,0.47367,0.47367,0.47367,0.47367,0.47367,0.47367,0.47367,0.47367,0.47367,0.47367,0.47367,0.47367,0.47367,0.47367,0.47367,0.47367,0.47367,0.47367,0.47367,0.47367,0.47367,0.47367,0.47367,0.47367,0.47367,0.47367,0.47367,0.47367,0.47367,0.47367,0.47367,0.47367,0.47367,0.47367,0.47367,0.47367,0.47367,0.47367,0.47367,0.47367,0.47367,0.47367,0.47367,0.47367,0.47367,0.47367,0.47367,0.47367,0.47367,0.47367,0.47367,0.47367,0.47367,0.47367,0.47367,0.47367,0.47367,0.47367,0.47367,0.47367,0.47367,0.47367,0.47367,0.47367,0.47367,0.47367,0.47367,0.47367,0.47367,0.47367,0.47367,0.47367,0.47367,0.47367,0.47367,0.47367,0.47367,0.47367,0.47367,0.47367,0.47367,0.47367,0.47367,0.47367,0.47367,0.47367,0.47367,0.47367,0.47367,0.47367,0.47367,0.47367,0.47367,0.47367,0.47367,0.47367,0.47367,0.47367,0.47367,0.47367,0.47367,0.47367,0.47367,0.47367,0.47367,0.47367,0.47367,0.47367,0.47367,0.47367,0.47367,0.47367,0.47367,0.47367,0.47367,0.47367,0.47367,0.47367,0.47367,0.47367,0.47367,0.47367,0.47367,0.47367,0.47367,0.47367,0.47367,0.47367,0.47367,0.47367,0.47367,0.47367,0.47367,0.47367,0.47367,0.47367,0.47367,0.47367,0.47367,0.47367,0.47367,0.47367,0.47367,0.47367,0.47367,0.47367,0.47367,0.47367,0.47367,0.47367,0.47367,0.47367,0.47367,0.47367,0.47367,0.47367,0.47367,0.47367,0.47367,0.47367,0.47367,0.47367,0.47367,0.47367,0.47367,0.47367,0.47367,0.47367,0.47367,0.47367,0.47367,0.47367,0.47367,0.47367,0.47367,0.47367,0.47367,0.47367,0.47367,0.47367,0.47367,0.47367,0.47367,0.47367,0.47367,0.47367,0.47367,0.47367,0.47367,0.47367,0.47367,0.47367,0.47367,0.47367,0.47367,0.47367,0.47367,0.47367,0.47367,0.47367,0.47367,0.47367,0.47367,0.47367,0.47367,0.47367,0.47367,0.47367,0.47367,0.47367,0.47367,0.47367,0.47367,0.47367,0.47367,0.47367,0.47367,0.47367,0.47367,0.47367,0.47367,0.47367,0.47367,0.47367,0.47367,0.47367,0.47367,0.47367,0.47367,0.47367,0.47367,0.47367,0.47367,0.47367,0.47367,0.47367,0.47367,0.47367,0.47367,0.47367,0.47367,0.47367,0.47367,0.47367,0.47367,0.47367,0.47367,0.47367,0.47367,0.47367,0.47367,0.47367,0.47367,0.47367,0.47367,0.47367,0.47367,0.47367,0.47367,0.47367,0.47367,0.47367,0.47367,0.47367,0.47367,0.47367,0.47367,0.47367,0.47367,0.47367,0.47367,0.47367,0.47367,0.47367,0.47367,0.47367,0.47367,0.47367,0.47367,0.47367,0.47367,0.47367,0.47367,0.47367,0.47367,0.47367,0.47367,0.47367,0.47367,0.47367,0.47367,0.47367,0.47367,0.47367,0.47367,0.47367,0.47367,0.47367,0.47367,0.47367,0.47367,0.47367,0.47367,0.47367,0.47367,0.47367,0.47367,0.47367,0.47367,0.47367,0.47367,0.47367,0.47367,0.47367,0.47367,0.47367,0.47367,0.47367,0.47367,0.47367,0.47367,0.47367,0.47367,0.47367,0.47367,0.47367,0.47367,0.47367,0.47367,0.47367,0.47367,0.47367,0.47367,0.47367,0.47367,0.47367,0.47367,0.47367,0.47367,0.47367,0.47367,0.47367,0.47367,0.47367,0.47367,0.47367,0.47367,0.47367,0.47367,0.47367,0.47367,0.47367,0.47367,0.47367,0.47367,0.47367,0.47367,0.47367,0.47367,0.47367,0.47367,0.47367,0.47367,0.47367,0.47367,0.47367,0.47367,0.47367,0.47367,0.47367,0.47367,0.47367,0.47367,0.47367,0.47367,0.47367,0.47367,0.47367,0.47367,0.47367,0.47367,0.47367,0.47367,0.47367,0.47367,0.47367,0.47367,0.47367,0.47367,0.47367,0.47367,0.47367,0.47367,0.47367,0.47367,0.47367,0.47367,0.47367,0.47367,0.47367,0.47367,0.47367,0.47367,0.47367,0.47367,0.47367,0.47367,0.47367,0.47367,0.47367,0.47367,0.47367,0.47367,0.47367,0.47367,0.47367,0.47367,0.47367,0.47367,0.47367,0.47367,0.47367,0.47367,0.47367,0.47367,0.47367,0.47367,0.47367,0.47367,0.47367,0.47367,0.47367,0.47367,0.47367,0.47367,0.47367,0.47367,0.47367,0.47367,0.47367,0.47367,0.47367,0.47367,0.47367,0.47367,0.47367,0.47367,0.47367,0.47367,0.47367,0.47367,0.47367,0.47367,0.47367,0.47367,0.47367,0.47367,0.47367,0.47367,0.47367,0.47367,0.47367,0.47367,0.47367,0.47367,0.47367,0.47367,0.47367,0.47367,0.47367,0.47367,0.47367,0.47367,0.47367,0.47367,0.47367,0.47367,0.47367,0.47367,0.47367,0.47367,0.47367,0.47367,0.47367,0.47367,0.47367,0.47367,0.47367,0.47367,0.47367,0.47367,0.47367,0.47367,0.47367,0.47367,0.47367,0.47367,0.47367,0.47367,0.47367,0.47367,0.47367,0.47367,0.47367,0.47367,0.47367,0.47367,0.47367,0.47367,0.47367,0.47367,0.47367,0.47367,0.47367,0.47367,0.47367,0.47367,0.47367,0.47367,0.47367,0.47367,0.47367,0.47367,0.47367,0.47367,0.47367,0.47367,0.47367,0.47367,0.47367,0.47367,0.47367,0.47367,0.47367,0.47367,0.47367,0.47367,0.47367,0.47367,0.47367,0.47367,0.47367,0.47367,0.47367,0.47367,0.47367,0.47367,0.47367,0.47367,0.47367,0.47367,0.47367,0.47367,0.47367,0.47367,0.47367,0.47367,0.47367,0.47367,0.47367,0.47367,0.47367,0.47367,0.47367,0.47367,0.47367,0.47367,0.47367,0.47367,0.47367,0.47367,0.47367,0.47367,0.47367,0.47367,0.47367,0.47367,0.47367,0.47367,0.47367,0.47367,0.47367,0.47367,0.47367,0.47367,0.47367,0.47367,0.47367,0.47367,0.47367,0.47367,0.47367,0.47367,0.47367,0.47367,0.47367,0.47367,0.47367,0.47367,0.47367,0.47367,0.47367,0.47367,0.47367,0.47367,0.47367,0.47367,0.47367,0.47367,0.47367,0.47367,0.47367,0.47367,0.47367,0.47367,0.47367,0.47367,0.47367,0.47367,0.47367,0.47367,0.47367,0.47367,0.47367,0.47367,0.47367,0.47367,0.47367,0.47367,0.47367,0.47367,0.47367,0.47367,0.47367,0.47367,0.47367,0.47367,0.47367,0.47367,0.47367,0.47367,0.47367,0.47367,0.47367,0.47367,0.47367,0.47367,0.47367,0.47367,0.47367,0.47367,0.47367,0.47367,0.47367,0.47367,0.47367,0.47367,0.47367,0.47367,0.47367,0.47367,0.47367,0.47367,0.47367,0.47367,0.47367,0.47367,0.47367,0.47367,0.47367,0.47367,0.47367,0.47367,0.47367,0.47367,0.47367,0.47367,0.47367,0.47367,0.47367,0.47367,0.47367,0.47367,0.47367,0.47367,0.47367,0.47367,0.47367,0.47367,0.47367,0.47367,0.47367,0.47367,0.47367,0.47367,0.47367,0.47367,0.47367,0.47367,0.47367,0.47367,0.47367,0.47367,0.47367,0.47367,0.47367,0.47367,0.47367,0.47367,0.47367,0.47367,0.47367,0.47367,0.47367,0.47367,0.47367,0.47367,0.47367,0.47367,0.47367,0.47367,0.47367,0.47367,0.47367,0.47367,0.47367,0.47367,0.47367,0.47367,0.47367,0.47367,0.47367,0.47367,0.47367,0.47367,0.47367,0.47367,0.47367,0.47367,0.47367,0.47367,0.47367,0.47367,0.47367,0.47367,0.47367,0.47367,0.47367,0.47367,0.47367,0.47367,0.47367,0.47367,0.47367,0.47367,0.47367,0.47367,0.47367,0.47367,0.47367,0.47367,0.47367,0.47367,0.47367,0.47367,0.47367,0.47367,0.47367,0.47367,0.47367,0.47367,0.47367,0.47367,0.47367,0.47367,0.47367,0.47367,0.47367,0.47367,0.47367,0.47367,0.47367,0.47367,0.47367,0.47367,0.47367,0.47367,0.47367,0.47367,0.47367,0.47367,0.47367,0.47367,0.47367,0.47367,0.47367,0.47367,0.47367,0.47367,0.47367,0.47367,0.47367,0.47367,0.47367,0.47367,0.47367,0.47367,0.47367,0.47367,0.47367,0.47367,0.47367,0.47367,0.47367,0.47367,0.47367,0.47367,0.47367,0.47367,0.47367,0.47367,0.47367,0.47367,0.47367,0.47367,0.47367,0.47367,0.47367,0.47367,0.47367,0.47367,0.47367,0.47367,0.47367,0.47367,0.47367,0.47367,0.47367,0.47367,0.47367,0.47367,0.47367,0.47367,0.47367,0.47367,0.47367,0.47367,0.47367,0.47367,0.47367,0.47367,0.47367,0.47367,0.47367,0.47367,0.47367,0.47367,0.47367,0.47367,0.47367,0.47367,0.47367,0.47367,0.47367,0.47367,0.47367,0.47367,0.47367,0.47367,0.47367,0.47367,0.47367,0.47367,0.47367,0.47367,0.47367,0.47367,0.47367,0.47367,0.47367,0.47367,0.47367,0.47367,0.47367,0.47367,0.47367,0.47367,0.47367,0.47367,0.47367,0.47367,0.47367,0.47367,0.47367,0.47367,0.47367,0.47367,0.47367,0.47367,0.47367,0.47367,0.47367,0.47367,0.47367,0.47367,0.47367,0.47367,0.47367,0.47367,0.47367,0.47367,0.47367,0.47367,0.47367,0.47367,0.47367,0.47367,0.47367,0.47367,0.47367,0.47367,0.47367,0.47367,0.47367,0.47367,0.47367,0.47367,0.47367,0.47367,0.47367,0.47367,0.47367,0.47367,0.47367,0.47367,0.47367,0.47367,0.47367,0.47367,0.47367,0.47367,0.47367,0.47367,0.47367,0.47367,0.47367,0.47367,0.47367,0.47367,0.47367,0.47367,0.47367,0.47367,0.47367,0.47367,0.47367,0.47367,0.47367,0.47367,0.47367,0.47367,0.47367,0.47367,0.47367,0.47367,0.47367,0.47367,0.47367,0.47367,0.47367,0.47367,0.47367,0.47367,0.47367,0.47367,0.47367,0.47367,0.47367,0.47367,0.47367,0.47367,0.47367,0.47367,0.47367,0.47367,0.47367,0.47367,0.47367,0.47367,0.47367,0.47367,0.47367,0.47367,0.47367,0.47367,0.47367,0.47367,0.47367,0.47367,0.47367,0.47367,0.47367,0.47367,0.47367,0.47367,0.47367,0.47367,0.47367,0.47367,0.47367,0.47367,0.47367,0.47367,0.47367,0.47367,0.47367,0.47367,0.47367,0.47367,0.47367,0.47367,0.47367,0.47367,0.47367,0.47367,0.47367,0.47367,0.47367,0.47367,0.47367,0.47367,0.47367,0.47367,0.47367,0.47367,0.47367,0.47367,0.47367,0.47367,0.47367,0.47367,0.47367,0.47367,0.47367,0.47367,0.47367,0.47367,0.47367,0.47367,0.47367,0.47367,0.47367,0.47367,0.47367,0.47367,0.47367,0.47367,0.47367,0.47367,0.47367,0.47367,0.47367,0.47367,0.47367,0.47367,0.47367,0.47367,0.47367,0.47367,0.47367,0.47367,0.47367,0.47367,0.47367,0.47367,0.47367,0.47367,0.47367,0.47367,0.47367,0.47367,0.47367,0.47367,0.47367,0.47367,0.47367,0.47367,0.47367,0.47367,0.47367,0.47367,0.47367,0.47367,0.47367,0.47367,0.47367,0.47367,0.47367,0.47367,0.47367,0.47367,0.47367,0.47367,0.47367,0.47367,0.47367,0.47367,0.47367,0.47367,0.47367,0.47367,0.47367,0.47367,0.47367,0.47367,0.47367,0.47367,0.47367,0.47367,0.47367,0.47367,0.47367,0.47367,0.47367,0.47367,0.47367,0.47367,0.47367,0.47367,0.47367,0.47367,0.47367,0.47367,0.47367,0.47367,0.47367,0.47367,0.47367,0.47367,0.47367,0.47367,0.47367,0.47367,0.47367,0.47367,0.47367,0.47367,0.47367,0.47367,0.47367,0.47367,0.47367,0.47367,0.47367,0.47367,0.47367,0.47367,0.47367,0.47367,0.47367,0.47367,0.47367,0.47367,0.47367,0.47367,0.47367,0.47367,0.47367,0.47367,0.47367,0.47367,0.47367,0.47367,0.47367,0.47367,0.47367,0.47367,0.47367,0.47367,0.47367,0.47367,0.47367,0.47367,0.47367,0.47367,0.47367,0.47367,0.47367,0.47367,0.47367,0.47367,0.47367,0.47367,0.47367,0.47367,0.47367,0.47367,0.47367,0.47367,0.47367,0.47367,0.47367,0.47367,0.47367,0.47367,0.47367,0.47367,0.47367,0.47367,0.47367,0.47367,0.47367,0.47367,0.47367,0.47367,0.47367,0.47367,0.47367,0.47367,0.47367,0.47367,0.47367,0.47367,0.47367,0.47367,0.47367,0.47367,0.47367,0.47367,0.47367,0.47367,0.47367,0.47367,0.47367,0.47367,0.47367,0.47367,0.47367,0.47367,0.47367,0.47367,0.47367,0.47367,0.47367,0.47367,0.47367,0.47367,0.47367,0.47367,0.47367,0.47367,0.47367,0.47367,0.47367,0.47367,0.47367,0.47367,0.47367,0.47367,0.47367,0.47367,0.47367,0.47367,0.47367,0.47367,0.47367,0.47367,0.47367,0.47367,0.47367,0.47367,0.47367,0.47367,0.47367,0.47367,0.47367,0.47367,0.47367,0.47367,0.47367,0.47367,0.47367,0.47367,0.47367,0.47367,0.47367,0.47367,0.47367,0.47367,0.47367,0.47367,0.47367,0.47367,0.47367,0.47367,0.47367,0.47367,0.47367,0.47367,0.47367,0.47367,0.47367,0.47367,0.47367,0.47367,0.47367,0.47367,0.47367,0.47367,0.47367,0.47367,0.47367,0.47367,0.47367,0.47367,0.47367,0.47367,0.47367,0.47367,0.47367,0.47367,0.47367,0.47367,0.47367,0.47367,0.47367,0.47367,0.47367,0.47367,0.47367,0.47367,0.47367,0.47367,0.47367,0.47367,0.47367,0.47367,0.47367,0.47367,0.47367,0.47367,0.47367,0.47367,0.47367,0.47367,0.47367,0.47367,0.47367,0.47367,0.47367,0.47367,0.47367,0.47367,0.47367,0.47367,0.47367,0.47367,0.47367,0.47367,0.47367,0.47367,0.47367,0.47367,0.47367,0.47367,0.47367,0.47367,0.47367,0.47367,0.47367,0.47367,0.47367,0.47367,0.47367,0.47367,0.47367,0.47367,0.47367,0.47367,0.47367,0.47367,0.47367,0.47367,0.47367,0.47367,0.47367,0.47367,0.47367,0.47367,0.47367,0.47367,0.47367,0.47367,0.47367,0.47367,0.47367,0.47367,0.47367,0.47367,0.47367,0.47367,0.47367,0.47367,0.47367,0.47367,0.47367,0.47367,0.47367,0.47367,0.47367,0.47367,0.47367,0.47367,0.47367,0.47367,0.47367,0.47367,0.47367,0.47367,0.47367,0.47367,0.47367,0.47367,0.47367,0.47367,0.47367,0.47367,0.47367,0.47367,0.47367,0.47367,0.47367,0.47367,0.47367,0.47367,0.47367,0.47367,0.47367,0.47367,0.47367,0.47367,0.47367,0.47367,0.47367,0.47367,0.47367,0.47367,0.47367,0.47367,0.47367,0.47367,0.47367,0.47367,0.47367,0.47367,0.47367,0.47367,0.47367,0.47367,0.47367,0.47367,0.47367,0.47367,0.47367,0.47367,0.47367,0.47367,0.47367,0.47367,0.47367,0.47367,0.47367,0.47367,0.47367,0.47367,0.47367,0.47367,0.47367,0.47367,0.47367,0.47367,0.47367,0.47367,0.47367,0.47367,0.47367,0.47367,0.47367,0.47367,0.47367,0.47367,0.47367,0.47367,0.47367,0.47367,0.47367,0.47367,0.47367,0.47367,0.47367,0.47367,0.47367,0.47367,0.47367,0.47367,0.47367,0.47367,0.47367,0.47367,0.47367,0.47367,0.47367,0.47367,0.47367,0.47367,0.47367,0.47367,0.47367,0.47367,0.47367,0.47367,0.47367,0.47367,0.47367,0.47367,0.47367,0.47367,0.47367,0.47367,0.47367,0.47367,0.47367,0.47367,0.47367,0.47367,0.47367,0.47367,0.47367,0.47367,0.47367,0.47367,0.47367,0.47367,0.47367,0.47367,0.47367,0.47367,0.47367,0.47367,0.47367,0.47367,0.47367,0.47367,0.47367,0.47367,0.47367,0.47367,0.47367,0.47367,0.47367,0.47367,0.47367,0.47367,0.47367,0.47367,0.47367,0.47367,0.47367,0.47367,0.47367,0.47367,0.47367,0.47367,0.47367,0.47367,0.47367,0.47367,0.47367,0.47367,0.47367,0.47367,0.47367,0.47367,0.47367,0.47367,0.47367,0.47367,0.47367,0.47367,0.47367,0.47367,0.47367,0.47367,0.47367,0.47367,0.47367,0.47367,0.47367,0.47367,0.47367,0.47367,0.47367,0.47367,0.47367,0.47367,0.47367,0.47367,0.47367,0.47367,0.47367,0.47367,0.47367,0.47367,0.47367,0.47367,0.47367,0.47367,0.47367,0.47367,0.47367,0.47367,0.47367,0.47367,0.47367,0.47367,0.47367,0.47367,0.47367,0.47367,0.47367,0.47367,0.47367,0.47367,0.47367,0.47367,0.47367,0.47367,0.47367,0.47367,0.47367,0.47367,0.47367,0.47367,0.47367,0.47367,0.47367,0.47367,0.47367,0.47367,0.47367,0.47367,0.47367,0.47367,0.47367,0.47367,0.47367,0.47367,0.47367,0.47367,0.47367,0.47367,0.47367,0.47367,0.47367,0.47367,0.47367,0.47367,0.47367,0.47367,0.47367,0.47367,0.47367,0.47367,0.47367,0.47367,0.47367,0.47367,0.47367,0.47367,0.47367,0.47367,0.47367,0.47367,0.47367,0.47367,0.47367,0.47367,0.47367,0.47367,0.47367,0.47367,0.47367,0.47367,0.47367,0.47367,0.47367,0.47367,0.47367,0.47367,0.47367,0.47367,0.47367,0.47367,0.47367,0.47367,0.47367,0.47367,0.47367,0.47367,0.47367,0.47367,0.47367,0.47367,0.47367,0.47367,0.47367,0.47367,0.47367,0.47367,0.47367,0.47367,0.47367,0.47367,0.47367,0.47367,0.47367,0.47367,0.47367,0.47367,0.47367,0.47367,0.47367,0.47367,0.47367,0.47367,0.47367,0.47367,0.47367,0.47367,0.47367,0.47367,0.47367,0.47367,0.47367,0.47367,0.47367,0.47367,0.47367,0.47367,0.47367,0.47367,0.47367,0.47367,0.47367,0.47367,0.47367,0.47367,0.47367,0.47367,0.47367,0.47367,0.47367,0.47367,0.47367,0.47367,0.47367,0.47367,0.47367,0.47367,0.47367,0.47367,0.47367,0.47367,0.47367,0.47367,0.47367,0.47367,0.47367,0.47367,0.47367,0.47367,0.47367,0.47367,0.47367,0.47367,0.47367,0.47367,0.47367,0.47367,0.47367,0.47367,0.47367,0.47367,0.47367,0.47367,0.47367,0.47367,0.47367,0.47367,0.47367,0.47367,0.47367,0.47367,0.47367,0.47367,0.47367,0.47367,0.47367,0.47367,0.47367,0.47367,0.47367,0.47367,0.47367,0.47367,0.47367,0.47367,0.47367,0.47367,0.47367,0.47367,0.47367,0.47367,0.47367,0.47367,0.47367,0.47367,0.47367,0.47367,0.47367,0.47367,0.47367,0.47367,0.47367,0.47367,0.47367,0.47367,0.47367,0.47367,0.47367,0.47367,0.47367,0.47367,0.47367,0.47367,0.47367,0.47367,0.47367,0.47367,0.47367,0.47367,0.47367,0.47367,0.47367,0.47367,0.47367,0.47367,0.47367,0.47367,0.47367,0.47367,0.47367,0.47367,0.47367,0.47367,0.47367,0.47367,0.47367,0.47367,0.47367,0.47367,0.47367,0.47367,0.47367,0.47367,0.47367,0.47367,0.47367,0.47367,0.47367,0.47367,0.47367,0.47367,0.47367,0.47367,0.47367,0.47367,0.47367,0.47367,0.47367,0.47367,0.47367,0.47367,0.47367,0.47367,0.47367,0.47367,0.47367,0.47367,0.47367,0.47367,0.47367,0.47367,0.47367,0.47367,0.47367,0.47367,0.47367,0.47367,0.47367,0.47367,0.47367,0.47367,0.47367,0.47367,0.47367,0.47367,0.47367,0.47367,0.47367,0.47367,0.47367,0.47367,0.47367,0.47367,0.47367,0.47367,0.47367,0.47367,0.47367,0.47367,0.47367,0.47367,0.47367,0.47367,0.47367,0.47367,0.47367,0.47367,0.47367,0.47367,0.47367,0.47367,0.47367,0.47367,0.47367,0.47367,0.47367,0.47367,0.47367,0.47367,0.47367,0.47367,0.47367,0.47367,0.47367,0.47367,0.47367,0.47367,0.47367,0.47367,0.47367,0.47367,0.47367,0.47367,0.47367,0.47367,0.47367,0.47367,0.47367,0.47367,0.47367,0.47367,0.47367,0.47367,0.47367,0.47367,0.47367,0.47367,0.47367,0.47367,0.47367,0.47367,0.47367,0.47367,0.47367,0.47367,0.47367,0.47367,0.47367,0.47367,0.47367,0.47367,0.47367,0.47367,0.47367,0.47367,0.47367,0.47367,0.47367,0.47367,0.47367,0.47367,0.47367,0.47367,0.47367,0.47367,0.47367,0.47367,0.47367,0.47367,0.47367,0.47367,0.47367,0.47367,0.47367,0.47367,0.47367,0.47367,0.47367,0.47367,0.47367,0.47367,0.47367,0.47367,0.47367,0.47367,0.47367,0.47367,0.47367,0.47367,0.47367,0.47367,0.47367,0.47367,0.47367,0.47367,0.47367,0.47367,0.47367,0.47367,0.47367,0.47367,0.47367,0.47367,0.47367,0.47367,0.47367,0.47367,0.47367,0.47367,0.47367,0.47367,0.47367,0.47367,0.47367,0.47367,0.47367,0.47367,0.47367,0.47367,0.47367,0.47367,0.47367,0.47367,0.47367,0.47367,0.47367,0.47367,0.47367,0.47367,0.47367,0.47367,0.47367,0.47367,0.47367,0.47367,0.47367,0.47367,0.47367,0.47367,0.47367,0.47367,0.47367,0.47367,0.47367,0.47367,0.47367,0.47367,0.47367,0.47367,0.47367,0.47367,0.47367,0.47367,0.47367,0.47367,0.47367,0.47367,0.47367,0.47367,0.47367,0.47367,0.47367,0.47367,0.47367,0.47367,0.47367,0.47367,0.47367,0.47367,0.47367,0.47367,0.47367,0.47367,0.47367,0.47367,0.47367,0.47367,0.47367,0.47367,0.47367,0.47367,0.47367,0.47367,0.47367,0.47367,0.47367,0.47367,0.47367,0.47367,0.47367,0.47367,0.47367,0.47367,0.47367,0.47367,0.47367,0.47367,0.47367,0.47367,0.47367,0.47367,0.47367,0.47367,0.47367,0.47367,0.47367,0.47367,0.47367,0.47367,0.47367,0.47367,0.47367,0.47367,0.47367,0.47367,0.47367,0.47367,0.47367,0.47367,0.47367,0.47367,0.47367,0.47367,0.47367,0.47367,0.47367,0.47367,0.47367,0.47367,0.47367,0.47367,0.47367,0.47367,0.47367,0.47367,0.47367,0.47367,0.47367,0.47367,0.47367,0.47367,0.47367,0.47367,0.47367,0.47367,0.47367,0.47367,0.47367,0.47367,0.47367,0.47367,0.47367,0.47367,0.47367,0.47367,0.47367,0.47367,0.47367,0.47367,0.47367,0.47367,0.47367,0.47367,0.47367,0.47367,0.47367,0.47367,0.47367,0.47367,0.47367,0.47367,0.47367,0.47367,0.47367,0.47367,0.47367,0.47367,0.47367,0.47367,0.47367,0.47367,0.47367,0.47367,0.47367,0.47367,0.47367,0.47367,0.47367,0.47367,0.47367,0.47367,0.47367,0.47367,0.47367,0.47367,0.47367,0.47367,0.47367,0.47367,0.47367,0.47367,0.47367,0.47367,0.47367,0.47367,0.47367,0.47367,0.47367,0.47367,0.47367,0.47367,0.47367,0.47367,0.47367,0.47367,0.47367,0.47367,0.47367,0.47367,0.47367,0.47367,0.47367,0.47367,0.47367,0.47367,0.47367,0.47367,0.47367,0.47367,0.47367,0.47367,0.47367,0.47367,0.47367,0.47367,0.47367,0.47367,0.47367,0.47367,0.47367,0.47367,0.47367,0.47367,0.47367,0.47367,0.47367,0.47367,0.47367,0.47367,0.47367,0.47367,0.47367,0.47367,0.47367,0.47367,0.47367,0.47367,0.47367,0.47367,0.47367,0.47367,0.47367,0.47367,0.47367,0.47367,0.47367,0.47367,0.47367,0.47367,0.47367,0.47367,0.47367,0.47367,0.47367,0.47367,0.47367,0.47367,0.47367,0.47367,0.47367,0.47367,0.47367,0.47367,0.47367,0.47367,0.47367,0.47367,0.47367,0.47367,0.47367,0.47367,0.47367,0.47367,0.47367,0.47367,0.47367,0.47367,0.47367,0.47367,0.47367,0.47367,0.47367,0.47367,0.47367,0.47367,0.47367,0.47367,0.47367,0.47367,0.47367,0.47367,0.47367,0.47367,0.47367,0.47367,0.47367,0.47367,0.47367,0.47367,0.47367,0.47367,0.47367,0.47367,0.47367,0.47367,0.47367,0.47367,0.47367,0.47367,0.47367,0.47367,0.47367,0.47367,0.47367,0.47367,0.47367,0.47367,0.47367,0.47367,0.47367,0.47367,0.47367,0.47367,0.47367,0.47367,0.47367,0.47367,0.47367,0.47367,0.47367,0.47367,0.47367,0.47367,0.47367,0.47367,0.47367,0.47367,0.47367,0.47367,0.47367,0.47367,0.47367,0.47367,0.47367,0.47367,0.47367,0.47367,0.47367,0.47367,0.47367,0.47367,0.47367,0.47367,0.47367,0.47367,0.47367,0.47367,0.47367,0.47367,0.47367,0.47367,0.47367,0.47367,0.47367,0.47367,0.47367,0.47367,0.47367,0.47367,0.47367,0.47367,0.47367,0.47367,0.47367,0.47367,0.47367,0.47367,0.47367,0.47367,0.47367,0.47367,0.47367,0.47367,0.47367,0.47367,0.47367,0.47367,0.47367,0.47367,0.47367,0.47367,0.47367,0.47367,0.47367,0.47367,0.47367,0.47367,0.47367,0.47367,0.47367,0.47367,0.47367,0.47367,0.47367,0.47367,0.47367,0.47367,0.47367,0.47367,0.47367,0.47367,0.47367,0.47367,0.47367,0.47367,0.47367,0.47367,0.47367,0.47367,0.47367,0.47367,0.47367,0.47367,0.47367,0.47367,0.47367,0.47367,0.47367,0.47367,0.47367,0.47367,0.47367,0.47367,0.47367,0.47367,0.47367,0.47367,0.47367,0.47367,0.47367,0.47367,0.47367,0.47367,0.47367,0.47367,0.47367,0.47367,0.47367,0.47367,0.47367,0.47367,0.47367,0.47367,0.47367,0.47367,0.47367,0.47367,0.47367,0.47367,0.47367,0.47367,0.47367,0.47367,0.47367,0.47367,0.47367,0.47367,0.47367,0.47367,0.47367,0.47367,0.47367,0.47367,0.47367,0.47367,0.47367,0.47367,0.47367,0.47367,0.47367,0.47367,0.47367,0.47367,0.47367,0.47367,0.47367,0.47367,0.47367,0.47367,0.47367,0.47367,0.47367,0.47367,0.47367,0.47367,0.47367,0.47367,0.47367,0.47367,0.47367,0.47367,0.47367,0.47367,0.47367,0.47367,0.47367,0.47367,0.47367,0.47367,0.47367,0.47367,0.47367,0.47367,0.47367,0.47367,0.47367,0.47367,0.47367,0.47367,0.47367,0.47367,0.47367,0.47367,0.47367,0.47367,0.47367,0.47367,0.47367,0.47367,0.47367,0.47367,0.47367,0.47367,0.47367,0.47367,0.47367,0.47367,0.47367,0.47367,0.47367,0.47367,0.47367,0.47367,0.47367,0.47367,0.47367,0.47367,0.47367,0.47367,0.47367,0.47367,0.47367,0.47367,0.47367,0.47367,0.47367,0.47367,0.47367,0.47367,0.47367,0.47367,0.47367,0.47367,0.47367,0.47367,0.47367,0.47367,0.47367,0.47367,0.47367,0.47367,0.47367,0.47367,0.47367,0.47367,0.47367,0.47367,0.47367,0.47367,0.47367,0.47367,0.47367,0.47367,0.47367,0.47367,0.47367,0.47367,0.47367,0.47367,0.47367,0.47367,0.47367,0.47367,0.47367,0.47367,0.47367,0.47367,0.47367,0.47367,0.47367,0.47367,0.47367,0.47367,0.47367,0.47367,0.47367,0.47367,0.47367,0.47367,0.47367,0.47367,0.47367,0.47367,0.47367,0.47367,0.47367,0.47367,0.47367,0.47367,0.47367,0.47367,0.47367,0.47367,0.47367,0.47367,0.47367,0.47367,0.47367,0.47367,0.47367,0.47367,0.47367,0.47367,0.47367,0.47367,0.47367,0.47367,0.47367,0.47367,0.47367,0.47367,0.47367,0.47367,0.47367,0.47367,0.47367,0.47367,0.47367,0.47367,0.47367,0.47367,0.47367,0.47367,0.47367,0.47367,0.47367,0.47367,0.47367,0.47367,0.47367,0.47367,0.47367,0.47367,0.47367,0.47367,0.47367,0.47367,0.47367,0.47367,0.47367,0.47367,0.47367,0.47367,0.47367,0.47367,0.47367,0.47367,0.47367,0.47367,0.47367,0.47367,0.47367,0.47367,0.47367,0.47367,0.47367,0.47367,0.47367,0.47367,0.47367,0.47367,0.47367,0.47367,0.47367,0.47367,0.47367,0.47367,0.47367,0.47367,0.47367,0.47367,0.47367,0.47367,0.47367,0.47367,0.47367,0.47367,0.47367,0.47367,0.47367,0.47367,0.47367,0.47367,0.47367,0.47367,0.47367,0.47367,0.47367,0.47367,0.47367,0.47367,0.47367,0.47367,0.47367,0.47367,0.47367,0.47367,0.47367,0.47367,0.47367,0.47367,0.47367,0.47367,0.47367,0.47367,0.47367,0.47367,0.47367,0.47367,0.47367,0.47367,0.47367,0.47367,0.47367,0.47367,0.47367,0.47367,0.47367,0.47367,0.47367,0.47367,0.47367,0.47367,0.47367,0.47367,0.47367,0.47367,0.47367,0.47367,0.47367,0.47367,0.47367,0.47367,0.47367,0.47367,0.47367,0.47367,0.47367,0.47367,0.47367,0.47367,0.47367,0.47367,0.47367,0.47367,0.47367,0.47367,0.47367,0.47367,0.47367,0.47367,0.47367,0.47367,0.47367,0.47367,0.47367,0.47367,0.47367,0.47367,0.47367,0.47367,0.47367,0.47367,0.47367,0.47367,0.47367,0.47367,0.47367,0.47367,0.47367,0.47367,0.47367,0.47367,0.47367,0.47367,0.47367,0.47367,0.47367,0.47367,0.47367,0.47367,0.47367,0.47367,0.47367,0.47367,0.47367,0.47367,0.47367,0.47367,0.47367,0.47367,0.47367,0.47367,0.47367,0.47367,0.47367,0.47367,0.47367,0.47367,0.47367,0.47367,0.47367,0.47367,0.47367,0.47367,0.47367,0.47367,0.47367,0.47367,0.47367,0.47367,0.47367,0.47367,0.47367,0.47367,0.47367,0.47367,0.47367,0.47367,0.47367,0.47367,0.47367,0.47367,0.47367,0.47367,0.47367,0.47367,0.47367,0.47367,0.47367,0.47367,0.47367,0.47367,0.47367,0.47367,0.47367,0.47367,0.47367,0.47367,0.47367,0.47367,0.47367,0.47367,0.47367,0.47367,0.47367,0.47367,0.47367,0.47367,0.47367,0.47367,0.47367,0.47367,0.47367,0.47367,0.47367,0.47367,0.47367,0.47367,0.47367,0.47367,0.47367,0.47367,0.47367,0.47367,0.47367,0.47367,0.47367,0.47367,0.47367,0.47367,0.47367,0.47367,0.47367,0.47367,0.47367,0.47367,0.47367,0.47367,0.47367,0.47367,0.47367,0.47367,0.47367,0.47367,0.47367,0.47367,0.47367,0.47367,0.47367,0.47367,0.47367,0.47367,0.47367,0.47367,0.47367,0.47367,0.47367,0.47367,0.47367,0.47367,0.47367,0.47367,0.47367,0.47367,0.47367,0.47367,0.47367,0.47367,0.47367,0.47367,0.47367,0.47367,0.47367,0.47367,0.47367,0.47367,0.47367,0.47367,0.47367,0.47367,0.47367,0.47367,0.47367,0.47367,0.47367,0.47367,0.47367,0.47367,0.47367,0.47367,0.47367,0.47367,0.47367,0.47367,0.47367,0.47367,0.47367,0.47367,0.47367,0.47367,0.47367,0.47367,0.47367,0.47367,0.47367,0.47367,0.47367,0.47367,0.47367,0.47367,0.47367,0.47367,0.47367,0.47367,0.47367,0.47367,0.47367,0.47367,0.47367,0.47367,0.47367,0.47367,0.47367,0.47367,0.47367,0.47367,0.47367,0.47367,0.47367,0.47367,0.47367,0.47367,0.47367,0.47367,0.47367,0.47367,0.47367,0.47367,0.47367,0.47367,0.47367,0.47367,0.47367,0.47367,0.47367,0.47367,0.47367,0.47367,0.47367,0.47367,0.47367,0.47367,0.47367,0.47367,0.47367,0.47367,0.47367,0.47367,0.47367,0.47367,0.47367,0.47367,0.47367,0.47367,0.47367,0.47367,0.47367,0.47367,0.47367,0.47367,0.47367,0.47367,0.47367,0.47367,0.47367,0.47367,0.47367,0.47367,0.47367,0.47367,0.47367,0.47367,0.47367,0.47367,0.47367,0.47367,0.47367,0.47367,0.47367,0.47367,0.47367,0.47367,0.47367,0.47367,0.47367,0.47367,0.47367,0.47367,0.47367,0.47367,0.47367,0.47367,0.47367,0.47367,0.47367,0.47367,0.47367,0.47367,0.47367,0.47367,0.47367,0.47367,0.47367,0.47367,0.47367,0.47367,0.47367,0.47367,0.47367,0.47367,0.47367,0.47367,0.47367,0.47367,0.47367,0.47367,0.47367,0.47367,0.47367,0.47367,0.47367,0.47367,0.47367,0.47367,0.47367,0.47367,0.47367,0.47367,0.47367,0.47367,0.47367,0.47367,0.47367,0.47367,0.47367,0.47367,0.47367,0.47367,0.47367,0.47367,0.47367,0.47367,0.47367,0.47367,0.47367,0.47367,0.47367,0.47367,0.47367,0.47367,0.47367,0.47367,0.47367,0.47367,0.47367,0.47367,0.47367,0.47367,0.47367,0.47367,0.47367,0.47367,0.47367,0.47367,0.47367,0.47367,0.47367,0.47367,0.47367,0.47367,0.47367,0.47367,0.47367,0.47367,0.47367,0.47367,0.47367,0.47367,0.47367,0.47367,0.47367,0.47367,0.47367,0.47367,0.47367,0.47367,0.47367,0.47367,0.47367,0.47367,0.47367,0.47367,0.47367,0.47367,0.47367,0.47367,0.47367,0.47367,0.47367,0.47367,0.47367,0.47367,0.47367,0.47367,0.47367,0.47367,0.47367,0.47367,0.47367,0.47367,0.47367,0.47367,0.47367,0.47367,0.47367,0.47367,0.47367,0.47367,0.47367,0.47367,0.47367,0.47367,0.47367,0.47367,0.47367,0.47367,0.47367,0.47367,0.47367,0.47367,0.47367,0.47367,0.47367,0.47367,0.47367,0.47367,0.47367,0.47367,0.47367,0.47367,0.47367,0.47367,0.47367,0.47367,0.47367,0.47367,0.47367,0.47367,0.47367,0.47367,0.47367,0.47367,0.47367,0.47367,0.47367,0.47367,0.47367,0.47367,0.47367,0.47367,0.47367,0.47367,0.47367,0.47367,0.47367,0.47367,0.47367,0.47367,0.47367,0.47367,0.47367,0.47367,0.47367,0.47367,0.47367,0.47367,0.47367,0.47367,0.47367,0.47367,0.47367,0.47367,0.47367,0.47367,0.47367,0.47367,0.47367,0.47367,0.47367,0.47367,0.47367,0.47367,0.47367,0.47367,0.47367,0.47367,0.47367,0.47367,0.47367,0.47367,0.47367,0.47367,0.47367,0.47367,0.47367,0.47367,0.47367,0.47367,0.47367,0.47367,0.47367,0.47367,0.47367,0.47367,0.47367,0.47367,0.47367,0.47367,0.47367,0.47367,0.47367,0.47367,0.47367,0.47367,0.47367,0.47367,0.47367,0.47367,0.47367,0.47367,0.47367,0.47367,0.47367,0.47367,0.47367,0.47367,0.47367,0.47367,0.47367,0.47367,0.47367,0.47367,0.47367,0.47367,0.47367,0.47367,0.47367,0.47367,0.47367,0.47367,0.47367,0.47367,0.47367,0.47367,0.47367,0.47367,0.47367,0.47367,0.47367,0.47367,0.47367,0.47367,0.47367,0.47367,0.47367,0.47367,0.47367,0.47367,0.47367,0.47367,0.47367,0.47367,0.47367,0.47367,0.47367,0.47367,0.47367,0.47367,0.47367,0.47367,0.47367,0.47367,0.47367,0.47367,0.47367,0.47367,0.47367,0.47367,0.47367,0.47367,0.47367,0.47367,0.47367,0.47367,0.47367,0.47367,0.47367,0.47367,0.47367,0.47367,0.47367,0.47367,0.47367,0.47367,0.47367,0.47367,0.47367,0.47367,0.47367,0.47367,0.47367,0.47367,0.47367,0.47367,0.47367,0.47367,0.47367,0.47367,0.47367,0.47367,0.47367,0.47367,0.47367,0.47367,0.47367,0.47367,0.47367,0.47367,0.47367,0.47367,0.47367,0.47367,0.47367,0.47367,0.47367,0.47367,0.47367,0.47367,0.47367,0.47367,0.47367,0.47367,0.47367,0.47367,0.47367,0.47367,0.47367,0.47367,0.47367,0.47367,0.47367,0.47367,0.47367,0.47367,0.47367,0.47367,0.47367,0.47367,0.47367,0.47367,0.47367,0.47367,0.47367,0.47367,0.47367,0.47367,0.47367,0.47367,0.47367,0.47367,0.47367,0.47367,0.47367,0.47367,0.47367,0.47367,0.47367,0.47367,0.47367,0.47367,0.47367,0.47367,0.47367,0.47367,0.47367,0.47367,0.47367,0.47367,0.47367,0.47367,0.47367,0.47367,0.47367,0.47367,0.47367,0.47367,0.47367,0.47367,0.47367,0.47367,0.47367,0.47367,0.47367,0.47367,0.47367,0.47367,0.47367,0.47367,0.47367,0.47367,0.47367,0.47367,0.47367,0.47367,0.47367,0.47367,0.47367,0.47367,0.47367,0.47367,0.47367,0.47367,0.47367,0.47367,0.47367,0.47367,0.47367,0.47367,0.47367,0.47367,0.47367,0.47367,0.47367,0.47367,0.47367,0.47367,0.47367,0.47367,0.47367,0.47367,0.47367,0.47367,0.47367,0.47367,0.47367,0.47367,0.47367,0.47367,0.47367,0.47367,0.47367,0.47367,0.47367,0.47367,0.47367,0.47367,0.47367,0.47367,0.47367,0.47367,0.47367,0.47367,0.47367,0.47367,0.47367,0.47367,0.47367,0.47367,0.47367,0.47367,0.47367,0.47367,0.47367,0.47367,0.47367,0.47367,0.47367,0.47367,0.47367,0.47367,0.47367,0.47367,0.47367,0.47367,0.47367,0.47367,0.47367,0.47367,0.47367,0.47367,0.47367,0.47367,0.47367,0.47367,0.47367,0.47367,0.47367,0.47367,0.47367,0.47367,0.47367,0.47367,0.47367,0.47367,0.47367,0.47367,0.47367,0.47367,0.47367,0.47367,0.47367,0.47367,0.47367,0.47367,0.47367,0.47367,0.47367,0.47367,0.47367,0.47367,0.47367,0.47367,0.47367,0.47367,0.47367,0.47367,0.47367,0.47367,0.47367,0.47367,0.47367,0.47367,0.47367,0.47367,0.47367,0.47367,0.47367,0.47367,0.47367,0.47367,0.47367,0.47367,0.47367,0.47367,0.47367,0.47367,0.47367,0.47367,0.47367,0.47367,0.47367,0.47367,0.47367,0.47367,0.47367,0.47367,0.47367,0.47367,0.47367,0.47367,0.47367,0.47367,0.47367,0.47367,0.47367,0.47367,0.47367,0.47367,0.47367,0.47367,0.47367,0.47367,0.47367,0.47367,0.47367,0.47367,0.47367,0.47367,0.47367,0.47367,0.47367,0.47367,0.47367,0.47367,0.47367,0.47367,0.47367,0.47367,0.47367,0.47367,0.47367,0.47367,0.47367,0.47367,0.47367,0.47367,0.47367,0.47367,0.47367,0.47367,0.47367,0.47367,0.47367,0.47367,0.47367,0.47367,0.47367,0.47367,0.47367,0.47367,0.47367,0.47367,0.47367,0.47367,0.47367,0.47367,0.47367,0.47367,0.47367,0.47367,0.47367,0.47367,0.47367,0.47367,0.47367,0.47367,0.47367,0.47367,0.47367,0.47367,0.47367,0.47367,0.47367,0.47367,0.47367,0.47367,0.47367,0.47367,0.47367,0.47367,0.47367,0.47367,0.47367,0.47367,0.47367,0.47367,0.47367,0.47367,0.47367,0.47367,0.47367,0.47367,0.47367,0.47367,0.47367,0.47367,0.47367,0.47367,0.47367,0.47367,0.47367,0.47367,0.47367,0.47367,0.47367,0.47367,0.47367,0.47367,0.47367,0.47367,0.47367,0.47367,0.47367,0.47367,0.47367,0.47367,0.47367,0.47367,0.47367,0.47367,0.47367,0.47367,0.47367,0.47367,0.47367,0.47367,0.47367,0.47367,0.47367,0.47367,0.47367,0.47367,0.47367,0.47367,0.47367,0.47367,0.47367,0.47367,0.47367,0.47367,0.47367,0.47367,0.47367,0.47367,0.47367,0.47367,0.47367,0.47367,0.47367,0.47367,0.47367,0.47367,0.47367,0.47367,0.47367,0.47367,0.47367,0.47367,0.47367,0.47367,0.47367,0.47367,0.47367,0.47367,0.47367,0.47367,0.47367,0.47367,0.47367,0.47367,0.47367,0.47367,0.47367,0.47367,0.47367,0.47367,0.47367,0.47367,0.47367,0.47367,0.47367,0.47367,0.47367,0.47367,0.47367,0.47367,0.47367,0.47367,0.47367,0.47367,0.47367,0.47367,0.47367,0.47367,0.47367,0.47367,0.47367,0.47367,0.47367,0.47367,0.47367,0.47367,0.47367,0.47367,0.47367,0.47367,0.47367,0.47367,0.47367,0.47367,0.47367,0.47367,0.47367,0.47367,0.47367,0.47367,0.47367,0.47367,0.47367,0.47367,0.47367,0.47367,0.47367,0.47367,0.47367,0.47367,0.47367,0.47367,0.47367,0.47367,0.47367,0.47367,0.47367,0.47367,0.47367,0.47367,0.47367,0.47367,0.47367,0.47367,0.47367,0.47367,0.47367,0.47367,0.47367,0.47367,0.47367,0.47367,0.47367,0.47367,0.47367,0.47367,0.47367,0.47367,0.47367,0.47367,0.47367,0.47367,0.47367,0.47367,0.47367,0.47367,0.47367,0.47367,0.47367,0.47367,0.47367,0.47367,0.47367,0.47367,0.47367,0.47367,0.47367,0.47367,0.47367,0.47367,0.47367,0.47367,0.47367,0.47367,0.47367,0.47367,0.47367,0.47367,0.47367,0.47367,0.47367,0.47367,0.47367,0.47367,0.47367,0.47367,0.47367,0.47367,0.47367,0.47367,0.47367,0.47367,0.47367,0.47367,0.47367,0.47367,0.47367,0.47367,0.47367,0.47367,0.47367,0.47367,0.47367,0.47367,0.47367,0.47367,0.47367,0.47367,0.47367,0.47367,0.47367,0.47367,0.47367,0.47367,0.47367,0.47367,0.47367,0.47367,0.47367,0.47367,0.47367,0.47367,0.47367,0.47367,0.47367,0.47367,0.47367,0.47367,0.47367,0.47367,0.47367,0.47367,0.47367,0.47367,0.47367,0.47367,0.47367,0.47367,0.47367,0.47367,0.47367,0.47367,0.47367,0.47367,0.47367,0.47367,0.47367,0.47367,0.47367,0.47367,0.47367,0.47367,0.47367,0.47367,0.47367,0.47367,0.47367,0.47367,0.47367,0.47367,0.47367,0.47367,0.47367,0.47367,0.47367,0.47367,0.47367,0.47367,0.47367,0.47367,0.47367,0.47367,0.47367,0.47367,0.47367,0.47367,0.47367,0.47367,0.47367,0.47367,0.47367,0.47367,0.47367,0.47367,0.47367,0.47367,0.47367,0.47367,0.47367,0.47367,0.47367,0.47367,0.47367,0.47367,0.47367,0.47367,0.47367,0.47367,0.47367,0.47367,0.47367,0.47367,0.47367,0.47367,0.47367,0.47367,0.47367,0.47367,0.47367,0.47367,0.47367,0.47367,0.47367,0.47367,0.47367,0.47367,0.47367,0.47367,0.47367,0.47367,0.47367,0.47367,0.47367,0.47367,0.47367,0.47367,0.47367,0.47367,0.47367,0.47367,0.47367,0.47367,0.47367,0.47367,0.47367,0.47367,0.47367,0.47367,0.47367,0.47367,0.47367,0.47367,0.47367,0.47367,0.47367,0.47367,0.47367,0.47367,0.47367,0.47367,0.47367,0.47367,0.47367,0.47367,0.47367,0.47367,0.47367,0.47367,0.47367,0.47367,0.47367,0.47367,0.47367,0.47367,0.47367,0.47367,0.47367,0.47367,0.47367,0.47367,0.47367,0.47367,0.47367,0.47367,0.47367,0.47367,0.47367,0.47367,0.47367,0.47367,0.47367,0.47367,0.47367,0.47367,0.47367,0.47367,0.47367,0.47367,0.47367,0.47367,0.47367,0.47367,0.47367,0.47367,0.47367,0.47367,0.47367,0.47367,0.47367,0.47367,0.47367,0.47367,0.47367,0.47367,0.47367,0.47367,0.47367,0.47367,0.47367,0.47367,0.47367,0.47367,0.47367,0.47367,0.47367,0.47367,0.47367,0.47367,0.47367,0.47367,0.47367,0.47367,0.47367,0.47367,0.47367,0.47367,0.47367,0.47367,0.47367,0.47367,0.47367,0.47367,0.47367,0.47367,0.47367,0.47367,0.47367,0.47367,0.47367,0.47367,0.47367,0.47367,0.47367,0.47367,0.47367,0.47367,0.47367,0.47367,0.47367,0.47367,0.47367,0.47367,0.47367,0.47367,0.47367,0.47367,0.47367,0.47367,0.47367,0.47367,0.47367,0.47367,0.47367,0.47367,0.47367,0.47367,0.47367,0.47367,0.47367,0.47367,0.47367,0.47367,0.47367,0.47367,0.47367,0.47367,0.47367,0.47367,0.47367,0.47367,0.47367,0.47367,0.47367,0.47367,0.47367,0.47367,0.47367,0.47367,0.47367,0.47367,0.47367,0.47367,0.47367,0.47367,0.47367,0.47367,0.47367,0.47367,0.47367,0.47367,0.47367,0.47367,0.47367,0.47367,0.47367,0.47367,0.47367,0.47367,0.47367,0.47367,0.47367,0.47367,0.47367,0.47367,0.47367,0.47367,0.47367,0.47367,0.47367,0.47367,0.47367,0.47367,0.47367,0.47367,0.47367,0.47367,0.47367,0.47367,0.47367,0.47367,0.47367,0.47367,0.47367,0.47367,0.47367,0.47367,0.47367,0.47367,0.47367,0.47367,0.47367,0.47367,0.47367,0.47367,0.47367,0.47367,0.47367,0.47367,0.47367,0.47367,0.47367,0.47367,0.47367,0.47367,0.47367,0.47367,0.47367,0.47367,0.47367,0.47367,0.47367,0.47367,0.47367,0.47367,0.47367,0.47367,0.47367,0.47367,0.47367,0.47367,0.47367,0.47367,0.47367,0.47367,0.47367,0.47367,0.47367,0.47367,0.47367,0.47367,0.47367,0.47367,0.47367,0.47367,0.47367,0.47367,0.47367,0.47367,0.47367,0.47367,0.47367,0.47367,0.47367,0.47367,0.47367,0.47367,0.47367,0.47367,0.47367,0.47367,0.47367,0.47367,0.47367,0.47367,0.47367,0.47367,0.47367,0.47367,0.47367,0.47367,0.47367,0.47367,0.47367,0.47367,0.47367,0.47367,0.47367,0.47367,0.47367,0.47367,0.47367,0.47367,0.47367,0.47367,0.47367,0.47367,0.47367,0.47367,0.47367,0.47367,0.47367,0.47367,0.47367,0.47367,0.47367,0.47367,0.47367,0.47367,0.47367,0.47367,0.47367,0.47367,0.47367,0.47367,0.47367,0.47367,0.47367,0.47367,0.47367,0.47367,0.47367,0.47367,0.47367,0.47367,0.47367,0.47367,0.47367,0.47367,0.47367,0.47367,0.47367,0.47367,0.47367,0.47367,0.47367,0.47367,0.47367,0.47367,0.47367,0.47367,0.47367,0.47367,0.47367,0.47367,0.47367,0.47367,0.47367,0.47367,0.47367,0.47367,0.47367,0.47367,0.47367,0.47367,0.47367,0.47367,0.47367,0.47367,0.47367,0.47367,0.47367,0.47367,0.47367,0.47367,0.47367,0.47367,0.47367,0.47367,0.47367,0.47367,0.47367,0.47367,0.47367,0.47367,0.47367,0.47367,0.47367,0.47367,0.47367,0.47367,0.47367,0.47367,0.47367,0.47367,0.47367,0.47367,0.47367,0.47367,0.47367,0.47367,0.47367,0.47367,0.47367,0.47367,0.47367,0.47367,0.47367,0.47367,0.47367,0.47367,0.47367,0.47367,0.47367,0.47367,0.47367,0.47367,0.47367,0.47367,0.47367,0.47367,0.47367,0.47367,0.47367,0.47367,0.47367,0.47367,0.47367,0.47367,0.47367,0.47367,0.47367,0.47367,0.47367,0.47367,0.47367,0.47367,0.47367,0.47367,0.47367,0.47367,0.47367,0.47367,0.47367,0.47367,0.47367,0.47367,0.47367,0.47367,0.47367,0.47367,0.47367,0.47367,0.47367,0.47367,0.47367,0.47367,0.47367,0.47367,0.47367,0.47367,0.47367,0.47367,0.47367,0.47367,0.47367,0.47367,0.47367,0.47367,0.47367,0.47367,0.47367,0.47367,0.47367,0.47367,0.47367,0.47367,0.47367,0.47367,0.47367,0.47367,0.47367,0.47367,0.47367,0.47367,0.47367,0.47367,0.47367,0.47367,0.47367,0.47367,0.47367,0.47367,0.47367,0.47367,0.47367,0.47367,0.47367,0.47367,0.47367,0.47367,0.47367,0.47367,0.47367,0.47367,0.47367,0.47367,0.47367,0.47367,0.47367,0.47367,0.47367,0.47367,0.47367,0.47367,0.47367,0.47367,0.47367,0.47367,0.47367,0.47367,0.47367,0.47367,0.47367,0.47367,0.47367,0.47367,0.47367,0.47367,0.47367,0.47367,0.47367,0.47367,0.47367,0.47367,0.47367,0.47367,0.47367,0.47367,0.47367,0.47367,0.47367,0.47367,0.47367,0.47367,0.47367,0.47367,0.47367,0.47367,0.47367,0.47367,0.47367,0.47367,0.47367,0.47367,0.47367,0.47367,0.47367,0.47367,0.47367,0.47367,0.47367,0.47367,0.47367,0.47367,0.47367,0.47367,0.47367,0.47367,0.47367,0.47367,0.47367,0.47367,0.47367,0.47367,0.47367,0.47367,0.47367,0.47367,0.47367,0.47367,0.47367,0.47367,0.47367,0.47367,0.47367,0.47367,0.47367,0.47367,0.47367,0.47367,0.47367,0.47367,0.47367,0.47367,0.47367,0.47367,0.47367,0.47367,0.47367,0.47367,0.47367,0.47367,0.47367,0.47367,0.47367,0.47367,0.47367,0.47367,0.47367,0.47367,0.47367,0.47367,0.47367,0.47367,0.47367,0.47367,0.47367,0.47367,0.47367,0.47367,0.47367,0.47367,0.47367,0.47367,0.47367,0.47367,0.47367,0.47367,0.47367,0.47367,0.47367,0.47367,0.47367,0.47367,0.47367,0.47367,0.47367,0.47367,0.47367,0.47367,0.47367,0.47367,0.47367,0.47367,0.47367,0.47367,0.47367,0.47367,0.47367,0.47367,0.47367,0.47367,0.47367,0.47367,0.47367,0.47367,0.47367,0.47367,0.47367,0.47367,0.47367,0.47367,0.47367,0.47367,0.47367,0.47367,0.47367,0.47367,0.47367,0.47367,0.47367,0.47367,0.47367,0.47367,0.47367,0.47367,0.47367,0.47367,0.47367,0.47367,0.47367,0.47367,0.47367,0.47367,0.47367,0.47367,0.47367,0.47367,0.47367,0.47367,0.47367,0.47367,0.47367,0.47367,0.47367,0.47367,0.47367,0.47367,0.47367,0.47367,0.47367,0.47367,0.47367,0.47367,0.47367,0.47367,0.47367,0.47367,0.47367,0.47367,0.47367,0.47367,0.47367,0.47367,0.47367,0.47367,0.47367,0.47367,0.47367,0.47367,0.47367,0.47367,0.47367,0.47367,0.47367,0.47367,0.47367,0.47367,0.47367,0.47367,0.47367,0.47367,0.47367,0.47367,0.47367,0.47367,0.47367,0.47367,0.47367,0.47367,0.47367,0.47367,0.47367,0.47367,0.47367,0.47367,0.47367,0.47367,0.47367,0.47367,0.47367,0.47367,0.47367,0.47367,0.47367,0.47367,0.47367,0.47367,0.47367,0.47367,0.47367,0.47367,0.47367,0.47367,0.47367,0.47367,0.47367,0.47367,0.47367,0.47367,0.47367,0.47367,0.47367,0.47367,0.47367,0.47367,0.47367,0.47367,0.47367,0.47367,0.47367,0.47367,0.47367,0.47367,0.47367,0.47367,0.47367,0.47367,0.47367,0.47367,0.47367,0.47367,0.47367,0.47367,0.47367,0.47367,0.47367,0.47367,0.47367,0.47367,0.47367,0.47367,0.47367,0.47367,0.47367,0.47367,0.47367,0.47367,0.47367,0.47367,0.47367,0.47367,0.47367,0.47367,0.47367,0.47367,0.47367,0.47367,0.47367,0.47367,0.47367,0.47367,0.47367,0.47367,0.47367,0.47367,0.47367,0.47367,0.47367,0.47367,0.47367,0.47367,0.47367,0.47367,0.47367,0.47367,0.47367,0.47367,0.47367,0.47367,0.47367,0.47367,0.47367,0.47367,0.47367,0.47367,0.47367,0.47367,0.47367,0.47367,0.47367,0.47367,0.47367,0.47367,0.47367,0.47367,0.47367,0.47367,0.47367,0.47367,0.47367,0.47367,0.47367,0.47367,0.47367,0.47367,0.47367,0.47367,0.47367,0.47367,0.47367,0.47367,0.47367,0.47367,0.47367,0.47367,0.47367,0.47367,0.47367,0.47367,0.47367,0.47367,0.47367,0.47367,0.47367,0.47367,0.47367,0.47367,0.47367,0.47367,0.47367,0.47367,0.47367,0.47367,0.47367,0.47367,0.47367,0.47367,0.47367,0.47367,0.47367,0.47367,0.47367,0.47367,0.47367,0.47367,0.47367,0.47367,0.47367,0.47367,0.47367,0.47367,0.47367,0.47367,0.47367,0.47367,0.47367,0.47367,0.47367,0.47367,0.47367,0.47367,0.47367,0.47367,0.47367,0.47367,0.47367,0.47367,0.47367,0.47367,0.47367,0.47367,0.47367,0.47367,0.47367,0.47367,0.47367,0.47367,0.47367,0.47367,0.47367,0.47367,0.47367,0.47367,0.47367,0.47367,0.47367,0.47367,0.47367,0.47367,0.47367,0.47367,0.47367,0.47367,0.47367,0.47367,0.47367
